0 0 20

59.71 -22.77 30.36
59.71 -22.77 10.36
59.71 -22.77 30.36
48.03 -33.08 30.36

48.03 -33.08 15.47
49.88 -32.31 15.47
49.85 -32.13 15.47
49.88 -32.31 15.47
67.33 -42.79 15.47
67.46 -42.75 15.47
67.33 -42.79 15.47
69.69 -46.25 15.47

86.67 -71.11 12.47
67.33 -42.79 12.47
67.46 -42.75 12.47
67.33 -42.79 12.47
49.88 -32.31 12.47
49.85 -32.13 12.47
49.88 -32.31 12.47
48.03 -33.08 12.47

48.03 -33.08 9.47
49.88 -32.31 9.47
49.85 -32.13 9.47
49.88 -32.31 9.47
67.33 -42.79 9.47
67.46 -42.75 9.47
67.33 -42.79 9.47
86.09 -70.26 9.47

85.22 -68.98 6.47
67.33 -42.79 6.47
67.46 -42.75 6.47
67.33 -42.79 6.47
49.88 -32.31 6.47
49.85 -32.13 6.47
49.88 -32.31 6.47
48.03 -33.08 6.47

44.66 -34.5 3.47
49.88 -32.31 3.47
49.85 -32.13 3.47
49.88 -32.31 3.47
67.33 -42.79 3.47
67.46 -42.75 3.47
67.33 -42.79 3.47
85.26 -69.05 3.47

85.19 -68.94 0.47
67.33 -42.79 0.47
67.46 -42.75 0.47
67.33 -42.79 0.47
49.88 -32.31 0.47
49.85 -32.13 0.47
49.88 -32.31 0.47
40.84 -36.09 0.47

39.0 -36.87 -2.53
49.88 -32.31 -2.53
49.85 -32.13 -2.53
49.88 -32.31 -2.53
67.33 -42.79 -2.53
67.46 -42.75 -2.53
67.33 -42.79 -2.53
85.81 -69.84 -2.53

86.67 -71.11 -5.53
67.33 -42.79 -5.53
67.46 -42.75 -5.53
67.33 -42.79 -5.53
49.88 -32.31 -5.53
49.85 -32.13 -5.53
49.88 -32.31 -5.53
37.75 -37.39 -5.53

36.71 -37.82 -8.53
49.88 -32.31 -8.53
49.85 -32.13 -8.53
49.88 -32.31 -8.53
67.33 -42.79 -8.53
67.46 -42.75 -8.53
67.33 -42.79 -8.53
86.67 -71.11 -8.53

86.67 -71.11 -11.53
67.33 -42.79 -11.53
67.46 -42.75 -11.53
67.33 -42.79 -11.53
49.88 -32.31 -11.53
49.85 -32.13 -11.53
49.88 -32.31 -11.53
37.0 -37.7 -11.53

37.5 -37.49 -14.53
49.88 -32.31 -14.53
49.85 -32.13 -14.53
49.88 -32.31 -14.53
67.33 -42.79 -14.53
67.46 -42.75 -14.53
67.33 -42.79 -14.53
86.67 -71.11 -14.53

86.67 -71.11 -17.53
67.33 -42.79 -17.53
67.46 -42.75 -17.53
67.33 -42.79 -17.53
49.88 -32.31 -17.53
49.85 -32.13 -17.53
49.88 -32.31 -17.53
38.24 -37.18 -17.53

39.11 -36.82 -20.53
49.88 -32.31 -20.53
49.85 -32.13 -20.53
49.88 -32.31 -20.53
67.33 -42.79 -20.53
67.46 -42.75 -20.53
67.33 -42.79 -20.53
86.67 -71.11 -20.53

85.93 -70.02 -23.53
67.33 -42.79 -23.53
67.46 -42.75 -23.53
67.33 -42.79 -23.53
49.88 -32.31 -23.53
49.85 -32.13 -23.53
49.88 -32.31 -23.53
40.27 -36.33 -23.53

41.46 -35.83 -26.53
49.88 -32.31 -26.53
49.85 -32.13 -26.53
49.88 -32.31 -26.53
67.33 -42.79 -26.53
67.46 -42.75 -26.53
67.33 -42.79 -26.53
83.95 -67.12 -26.53
83.95 -67.12 30.36

59.71 -22.77 30.36
50.96 -1.1 30.36

50.96 -1.1 10.63
52.08 -2.75 10.63
51.96 -2.8 10.63
52.08 -2.75 10.63
69.54 -13.24 10.63
69.56 -13.42 10.63
69.54 -13.24 10.63
71.38 -12.47 10.63

78.13 -9.64 7.63
69.54 -13.24 7.63
69.56 -13.42 7.63
69.54 -13.24 7.63
52.08 -2.75 7.63
51.96 -2.8 7.63
52.08 -2.75 7.63
43.63 9.62 7.63

39.95 15.0 4.63
52.08 -2.75 4.63
51.96 -2.8 4.63
52.08 -2.75 4.63
69.54 -13.24 4.63
69.56 -13.42 4.63
69.54 -13.24 4.63
81.93 -8.05 4.63

86.35 -6.2 1.63
69.54 -13.24 1.63
69.56 -13.42 1.63
69.54 -13.24 1.63
52.08 -2.75 1.63
51.96 -2.8 1.63
52.08 -2.75 1.63
35.43 21.62 1.63

32.85 25.4 -1.37
52.08 -2.75 -1.37
51.96 -2.8 -1.37
52.08 -2.75 -1.37
69.54 -13.24 -1.37
69.56 -13.42 -1.37
69.54 -13.24 -1.37
88.56 -5.27 -1.37

90.61 -4.41 -4.37
69.54 -13.24 -4.37
69.56 -13.42 -4.37
69.54 -13.24 -4.37
52.08 -2.75 -4.37
51.96 -2.8 -4.37
52.08 -2.75 -4.37
32.74 25.56 -4.37

32.74 25.56 -7.37
52.08 -2.75 -7.37
51.96 -2.8 -7.37
52.08 -2.75 -7.37
69.54 -13.24 -7.37
69.56 -13.42 -7.37
69.54 -13.24 -7.37
90.75 -4.36 -7.37

90.01 -4.67 -10.37
69.54 -13.24 -10.37
69.56 -13.42 -10.37
69.54 -13.24 -10.37
52.08 -2.75 -10.37
51.96 -2.8 -10.37
52.08 -2.75 -10.37
32.74 25.56 -10.37

32.74 25.56 -13.37
52.08 -2.75 -13.37
51.96 -2.8 -13.37
52.08 -2.75 -13.37
69.54 -13.24 -13.37
69.56 -13.42 -13.37
69.54 -13.24 -13.37
88.98 -5.1 -13.37

88.12 -5.46 -16.37
69.54 -13.24 -16.37
69.56 -13.42 -16.37
69.54 -13.24 -16.37
52.08 -2.75 -16.37
51.96 -2.8 -16.37
52.08 -2.75 -16.37
32.74 25.56 -16.37

32.74 25.56 -19.37
52.08 -2.75 -19.37
51.96 -2.8 -19.37
52.08 -2.75 -19.37
69.54 -13.24 -19.37
69.56 -13.42 -19.37
69.54 -13.24 -19.37
86.16 -6.28 -19.37

84.13 -7.13 -22.37
69.54 -13.24 -22.37
69.56 -13.42 -22.37
69.54 -13.24 -22.37
52.08 -2.75 -22.37
51.96 -2.8 -22.37
52.08 -2.75 -22.37
33.75 24.08 -22.37

35.63 21.33 -25.37
52.08 -2.75 -25.37
51.96 -2.8 -25.37
52.08 -2.75 -25.37
69.54 -13.24 -25.37
69.56 -13.42 -25.37
69.54 -13.24 -25.37
82.8 -7.68 -25.37

81.47 -8.24 -28.37
69.54 -13.24 -28.37
69.56 -13.42 -28.37
69.54 -13.24 -28.37
52.08 -2.75 -28.37
51.96 -2.8 -28.37
52.08 -2.75 -28.37
37.57 18.49 -28.37

40.51 14.19 -31.37
52.08 -2.75 -31.37
51.96 -2.8 -31.37
52.08 -2.75 -31.37
69.54 -13.24 -31.37
69.56 -13.42 -31.37
69.54 -13.24 -31.37
79.94 -8.88 -31.37
79.94 -8.88 30.36

59.71 -22.77 30.36
67.83 -38.37 30.36

67.83 -38.37 10.36
65.93 -15.8 10.36
58.75 -11.49 10.36
60.66 -34.06 10.36
53.49 -29.75 10.36
51.58 -7.18 10.36

51.58 -7.18 7.36
53.49 -29.75 7.36
60.66 -34.06 7.36
58.75 -11.49 7.36
65.93 -15.8 7.36
67.83 -38.37 7.36

67.83 -38.37 4.36
65.93 -15.8 4.36
58.75 -11.49 4.36
60.66 -34.06 4.36
53.49 -29.75 4.36
51.58 -7.18 4.36

51.58 -7.18 1.36
53.49 -29.75 1.36
60.66 -34.06 1.36
58.75 -11.49 1.36
65.93 -15.8 1.36
67.83 -38.37 1.36

67.83 -38.37 -1.64
65.93 -15.8 -1.64
58.75 -11.49 -1.64
60.66 -34.06 -1.64
53.49 -29.75 -1.64
51.58 -7.18 -1.64

51.58 -7.18 -4.64
53.49 -29.75 -4.64
60.66 -34.06 -4.64
58.75 -11.49 -4.64
65.93 -15.8 -4.64
67.83 -38.37 -4.64

67.83 -38.37 -7.64
65.93 -15.8 -7.64
58.75 -11.49 -7.64
60.66 -34.06 -7.64
53.49 -29.75 -7.64
51.58 -7.18 -7.64
51.58 -7.18 30.36
