0 0 20

47.22 -21.6 19.12
47.22 -21.6 -0.88
47.22 -21.6 19.12
42.16 -37.61 19.12

42.16 -37.61 0.45
43.3 -35.97 0.45
43.0 -35.39 0.45
43.3 -35.97 0.45
58.33 -40.56 0.45
58.36 -40.54 0.45
58.33 -40.56 0.45
59.71 -42.01 0.45

67.89 -50.63 -2.55
58.33 -40.56 -2.55
58.36 -40.54 -2.55
58.33 -40.56 -2.55
43.3 -35.97 -2.55
43.0 -35.39 -2.55
43.3 -35.97 -2.55
38.93 -42.24 -2.55

36.59 -45.6 -5.55
43.3 -35.97 -5.55
43.0 -35.39 -5.55
43.3 -35.97 -5.55
58.33 -40.56 -5.55
58.36 -40.54 -5.55
58.33 -40.56 -5.55
77.41 -60.66 -5.55

80.07 -63.47 -8.55
58.33 -40.56 -8.55
58.36 -40.54 -8.55
58.33 -40.56 -8.55
43.3 -35.97 -8.55
43.0 -35.39 -8.55
43.3 -35.97 -8.55
35.87 -46.63 -8.55

35.38 -47.33 -11.55
43.3 -35.97 -11.55
43.0 -35.39 -11.55
43.3 -35.97 -11.55
58.33 -40.56 -11.55
58.36 -40.54 -11.55
58.33 -40.56 -11.55
82.14 -65.64 -11.55

82.96 -66.51 -14.55
58.33 -40.56 -14.55
58.36 -40.54 -14.55
58.33 -40.56 -14.55
43.3 -35.97 -14.55
43.0 -35.39 -14.55
43.3 -35.97 -14.55
34.91 -48.01 -14.55

34.71 -48.3 -17.55
43.3 -35.97 -17.55
43.0 -35.39 -17.55
43.3 -35.97 -17.55
58.33 -40.56 -17.55
58.36 -40.54 -17.55
58.33 -40.56 -17.55
82.96 -66.51 -17.55

82.96 -66.51 -20.55
58.33 -40.56 -20.55
58.36 -40.54 -20.55
58.33 -40.56 -20.55
43.3 -35.97 -20.55
43.0 -35.39 -20.55
43.3 -35.97 -20.55
34.57 -48.5 -20.55

34.33 -48.84 -23.55
43.3 -35.97 -23.55
43.0 -35.39 -23.55
43.3 -35.97 -23.55
58.33 -40.56 -23.55
58.36 -40.54 -23.55
58.33 -40.56 -23.55
82.96 -66.51 -23.55

82.96 -66.51 -26.55
58.33 -40.56 -26.55
58.36 -40.54 -26.55
58.33 -40.56 -26.55
43.3 -35.97 -26.55
43.0 -35.39 -26.55
43.3 -35.97 -26.55
34.03 -49.28 -26.55

33.81 -49.59 -29.55
43.3 -35.97 -29.55
43.0 -35.39 -29.55
43.3 -35.97 -29.55
58.33 -40.56 -29.55
58.36 -40.54 -29.55
58.33 -40.56 -29.55
82.96 -66.51 -29.55

82.96 -66.51 -32.55
58.33 -40.56 -32.55
58.36 -40.54 -32.55
58.33 -40.56 -32.55
43.3 -35.97 -32.55
43.0 -35.39 -32.55
43.3 -35.97 -32.55
33.81 -49.59 -32.55

33.81 -49.59 -35.55
43.3 -35.97 -35.55
43.0 -35.39 -35.55
43.3 -35.97 -35.55
58.33 -40.56 -35.55
58.36 -40.54 -35.55
58.33 -40.56 -35.55
82.96 -66.51 -35.55

82.96 -66.51 -38.55
58.33 -40.56 -38.55
58.36 -40.54 -38.55
58.33 -40.56 -38.55
43.3 -35.97 -38.55
43.0 -35.39 -38.55
43.3 -35.97 -38.55
33.81 -49.59 -38.55

33.81 -49.59 -41.55
43.3 -35.97 -41.55
43.0 -35.39 -41.55
43.3 -35.97 -41.55
58.33 -40.56 -41.55
58.36 -40.54 -41.55
58.33 -40.56 -41.55
82.96 -66.51 -41.55
82.96 -66.51 19.12

47.22 -21.6 19.12
34.74 -1.18 19.12

34.74 -1.18 -2.9
36.12 -2.63 -2.9
36.09 -2.66 -2.9
36.12 -2.63 -2.9
51.15 -7.22 -2.9
51.45 -7.81 -2.9
51.15 -7.22 -2.9
52.29 -5.58 -2.9

52.93 -4.66 -5.9
51.15 -7.22 -5.9
51.45 -7.81 -5.9
51.15 -7.22 -5.9
36.12 -2.63 -5.9
36.09 -2.66 -5.9
36.12 -2.63 -5.9
26.25 7.77 -5.9

23.97 10.16 -8.9
36.12 -2.63 -8.9
36.09 -2.66 -8.9
36.12 -2.63 -8.9
51.15 -7.22 -8.9
51.45 -7.81 -8.9
51.15 -7.22 -8.9
55.5 -0.98 -8.9

56.67 0.71 -11.9
51.15 -7.22 -11.9
51.45 -7.81 -11.9
51.15 -7.22 -11.9
36.12 -2.63 -11.9
36.09 -2.66 -11.9
36.12 -2.63 -11.9
23.14 11.04 -11.9

21.96 12.29 -14.9
36.12 -2.63 -14.9
36.09 -2.66 -14.9
36.12 -2.63 -14.9
51.15 -7.22 -14.9
51.45 -7.81 -14.9
51.15 -7.22 -14.9
57.62 2.06 -14.9

58.26 2.98 -17.9
51.15 -7.22 -17.9
51.45 -7.81 -17.9
51.15 -7.22 -17.9
36.12 -2.63 -17.9
36.09 -2.66 -17.9
36.12 -2.63 -17.9
19.65 14.72 -17.9

18.47 15.96 -20.9
36.12 -2.63 -20.9
36.09 -2.66 -20.9
36.12 -2.63 -20.9
51.15 -7.22 -20.9
51.45 -7.81 -20.9
51.15 -7.22 -20.9
58.86 3.85 -20.9

59.75 5.13 -23.9
51.15 -7.22 -23.9
51.45 -7.81 -23.9
51.15 -7.22 -23.9
36.12 -2.63 -23.9
36.09 -2.66 -23.9
36.12 -2.63 -23.9
17.84 16.63 -23.9

17.54 16.94 -26.9
36.12 -2.63 -26.9
36.09 -2.66 -26.9
36.12 -2.63 -26.9
51.15 -7.22 -26.9
51.45 -7.81 -26.9
51.15 -7.22 -26.9
60.36 6.0 -26.9

60.63 6.39 -29.9
51.15 -7.22 -29.9
51.45 -7.81 -29.9
51.15 -7.22 -29.9
36.12 -2.63 -29.9
36.09 -2.66 -29.9
36.12 -2.63 -29.9
17.43 17.05 -29.9

17.43 17.05 -32.9
36.12 -2.63 -32.9
36.09 -2.66 -32.9
36.12 -2.63 -32.9
51.15 -7.22 -32.9
51.45 -7.81 -32.9
51.15 -7.22 -32.9
60.63 6.39 -32.9

60.63 6.39 -35.9
51.15 -7.22 -35.9
51.45 -7.81 -35.9
51.15 -7.22 -35.9
36.12 -2.63 -35.9
36.09 -2.66 -35.9
36.12 -2.63 -35.9
17.43 17.05 -35.9

17.43 17.05 -38.9
36.12 -2.63 -38.9
36.09 -2.66 -38.9
36.12 -2.63 -38.9
51.15 -7.22 -38.9
51.45 -7.81 -38.9
51.15 -7.22 -38.9
60.63 6.39 -38.9

60.63 6.39 -41.9
51.15 -7.22 -41.9
51.45 -7.81 -41.9
51.15 -7.22 -41.9
36.12 -2.63 -41.9
36.09 -2.66 -41.9
36.12 -2.63 -41.9
17.43 17.05 -41.9
17.43 17.05 19.12

47.22 -21.6 19.12
57.59 -36.1 19.12

57.59 -36.1 -0.88
48.96 -10.79 -0.88
42.91 -8.95 -0.88
51.54 -34.25 -0.88
45.49 -32.4 -0.88
36.86 -7.1 -0.88

36.86 -7.1 -3.88
45.49 -32.4 -3.88
51.54 -34.25 -3.88
42.91 -8.95 -3.88
48.96 -10.79 -3.88
57.59 -36.1 -3.88

57.59 -36.1 -6.88
48.96 -10.79 -6.88
42.91 -8.95 -6.88
51.54 -34.25 -6.88
45.49 -32.4 -6.88
36.86 -7.1 -6.88

36.86 -7.1 -9.88
45.49 -32.4 -9.88
51.54 -34.25 -9.88
42.91 -8.95 -9.88
48.96 -10.79 -9.88
57.59 -36.1 -9.88

57.59 -36.1 -12.88
48.96 -10.79 -12.88
42.91 -8.95 -12.88
51.54 -34.25 -12.88
45.49 -32.4 -12.88
36.86 -7.1 -12.88

36.86 -7.1 -15.88
45.49 -32.4 -15.88
51.54 -34.25 -15.88
42.91 -8.95 -15.88
48.96 -10.79 -15.88
57.59 -36.1 -15.88

57.59 -36.1 -18.88
48.96 -10.79 -18.88
42.91 -8.95 -18.88
51.54 -34.25 -18.88
45.49 -32.4 -18.88
36.86 -7.1 -18.88

36.86 -7.1 -21.88
45.49 -32.4 -21.88
51.54 -34.25 -21.88
42.91 -8.95 -21.88
48.96 -10.79 -21.88
57.59 -36.1 -21.88
57.59 -36.1 19.12
