98.2052913506 -4.85956533893 17.2100525103
98.2037053035 -4.85695901708 17.2100525103
98.2052913506 -4.85956533893 17.2100525103
129.091752840 -5.62169840961 17.2100525103
129.310967076 -5.37843258382 17.2100525103
129.091752840 -5.62169840961 17.2100525103
140.912325652 -34.3795526106 17.2100525103
140.912325652 -34.3795526106 15.7100525103
129.091752840 -5.62169840961 15.7100525103
129.310967076 -5.37843258382 15.7100525103
129.091752840 -5.62169840961 15.7100525103
98.2052913506 -4.85956533893 15.7100525103
98.2037053035 -4.85695901708 15.7100525103
98.2052913506 -4.85956533893 15.7100525103
56.9244624602 -27.4968750911 15.7100525103
56.9244624602 -27.4968750911 14.2100525103
98.2052913506 -4.85956533893 14.2100525103
98.2037053035 -4.85695901708 14.2100525103
98.2052913506 -4.85956533893 14.2100525103
129.091752840 -5.62169840961 14.2100525103
129.310967076 -5.37843258382 14.2100525103
129.091752840 -5.62169840961 14.2100525103
140.912325652 -34.3795526106 14.2100525103
140.912325652 -34.3795526106 12.7100525103
129.091752840 -5.62169840961 12.7100525103
129.310967076 -5.37843258382 12.7100525103
129.091752840 -5.62169840961 12.7100525103
98.2052913506 -4.85956533893 12.7100525103
98.2037053035 -4.85695901708 12.7100525103
98.2052913506 -4.85956533893 12.7100525103
56.9244624602 -27.4968750911 12.7100525103
56.9244624602 -27.4968750911 11.2100525103
98.2052913506 -4.85956533893 11.2100525103
98.2037053035 -4.85695901708 11.2100525103
98.2052913506 -4.85956533893 11.2100525103
129.091752840 -5.62169840961 11.2100525103
129.310967076 -5.37843258382 11.2100525103
129.091752840 -5.62169840961 11.2100525103
140.912325652 -34.3795526106 11.2100525103
140.912325652 -34.3795526106 9.71005251027
129.091752840 -5.62169840961 9.71005251027
129.310967076 -5.37843258382 9.71005251027
129.091752840 -5.62169840961 9.71005251027
98.2052913506 -4.85956533893 9.71005251027
98.2037053035 -4.85695901708 9.71005251027
98.2052913506 -4.85956533893 9.71005251027
56.9244624602 -27.4968750911 9.71005251027
56.9244624602 -27.4968750911 8.21005251027
98.2052913506 -4.85956533893 8.21005251027
98.2037053035 -4.85695901708 8.21005251027
98.2052913506 -4.85956533893 8.21005251027
129.091752840 -5.62169840961 8.21005251027
129.310967076 -5.37843258382 8.21005251027
129.091752840 -5.62169840961 8.21005251027
140.912325652 -34.3795526106 8.21005251027
140.912325652 -34.3795526106 6.71005251027
129.091752840 -5.62169840961 6.71005251027
129.310967076 -5.37843258382 6.71005251027
129.091752840 -5.62169840961 6.71005251027
98.2052913506 -4.85956533893 6.71005251027
98.2037053035 -4.85695901708 6.71005251027
98.2052913506 -4.85956533893 6.71005251027
56.9244624602 -27.4968750911 6.71005251027
56.9244624602 -27.4968750911 5.21005251027
98.2052913506 -4.85956533893 5.21005251027
98.2037053035 -4.85695901708 5.21005251027
98.2052913506 -4.85956533893 5.21005251027
129.091752840 -5.62169840961 5.21005251027
129.310967076 -5.37843258382 5.21005251027
129.091752840 -5.62169840961 5.21005251027
140.912325652 -34.3795526106 5.21005251027
140.912325652 -34.3795526106 3.71005251027
129.091752840 -5.62169840961 3.71005251027
129.310967076 -5.37843258382 3.71005251027
129.091752840 -5.62169840961 3.71005251027
98.2052913506 -4.85956533893 3.71005251027
98.2037053035 -4.85695901708 3.71005251027
98.2052913506 -4.85956533893 3.71005251027
56.9244624602 -27.4968750911 3.71005251027
56.9244624602 -27.4968750911 2.21005251027
98.2052913506 -4.85956533893 2.21005251027
98.2037053035 -4.85695901708 2.21005251027
98.2052913506 -4.85956533893 2.21005251027
129.091752840 -5.62169840961 2.21005251027
129.310967076 -5.37843258382 2.21005251027
129.091752840 -5.62169840961 2.21005251027
140.912325652 -34.3795526106 2.21005251027
140.912325652 -34.3795526106 0.71005251027
129.091752840 -5.62169840961 0.71005251027
129.310967076 -5.37843258382 0.71005251027
129.091752840 -5.62169840961 0.71005251027
98.2052913506 -4.85956533893 0.71005251027
98.2037053035 -4.85695901708 0.71005251027
98.2052913506 -4.85956533893 0.71005251027
56.9244624602 -27.4968750911 0.71005251027
56.9244624602 -27.4968750911 -0.78994748973
98.2052913506 -4.85956533893 -0.78994748973
98.2037053035 -4.85695901708 -0.78994748973
98.2052913506 -4.85956533893 -0.78994748973
129.091752840 -5.62169840961 -0.78994748973
129.310967076 -5.37843258382 -0.78994748973
129.091752840 -5.62169840961 -0.78994748973
140.912325652 -34.3795526106 -0.78994748973
140.912325652 -34.3795526106 -2.28994748973
129.091752840 -5.62169840961 -2.28994748973
129.310967076 -5.37843258382 -2.28994748973
129.091752840 -5.62169840961 -2.28994748973
98.2052913506 -4.85956533893 -2.28994748973
98.2037053035 -4.85695901708 -2.28994748973
98.2052913506 -4.85956533893 -2.28994748973
56.9244624602 -27.4968750911 -2.28994748973
56.9244624602 -27.4968750911 -3.78994748973
98.2052913506 -4.85956533893 -3.78994748973
98.2037053035 -4.85695901708 -3.78994748973
98.2052913506 -4.85956533893 -3.78994748973
129.091752840 -5.62169840961 -3.78994748973
129.310967076 -5.37843258382 -3.78994748973
129.091752840 -5.62169840961 -3.78994748973
140.912325652 -34.3795526106 -3.78994748973
140.912325652 -34.3795526106 -5.28994748973
129.091752840 -5.62169840961 -5.28994748973
129.310967076 -5.37843258382 -5.28994748973
129.091752840 -5.62169840961 -5.28994748973
98.2052913506 -4.85956533893 -5.28994748973
98.2037053035 -4.85695901708 -5.28994748973
98.2052913506 -4.85956533893 -5.28994748973
56.9244624602 -27.4968750911 -5.28994748973
56.9244624602 -27.4968750911 -6.78994748973
98.2052913506 -4.85956533893 -6.78994748973
98.2037053035 -4.85695901708 -6.78994748973
98.2052913506 -4.85956533893 -6.78994748973
129.091752840 -5.62169840961 -6.78994748973
129.310967076 -5.37843258382 -6.78994748973
129.091752840 -5.62169840961 -6.78994748973
140.912325652 -34.3795526106 -6.78994748973
140.912325652 -34.3795526106 -8.28994748973
129.091752840 -5.62169840961 -8.28994748973
129.310967076 -5.37843258382 -8.28994748973
129.091752840 -5.62169840961 -8.28994748973
98.2052913506 -4.85956533893 -8.28994748973
98.2037053035 -4.85695901708 -8.28994748973
98.2052913506 -4.85956533893 -8.28994748973
56.9244624602 -27.4968750911 -8.28994748973
56.9244624602 -27.4968750911 -9.78994748973
98.2052913506 -4.85956533893 -9.78994748973
98.2037053035 -4.85695901708 -9.78994748973
98.2052913506 -4.85956533893 -9.78994748973
129.091752840 -5.62169840961 -9.78994748973
129.310967076 -5.37843258382 -9.78994748973
129.091752840 -5.62169840961 -9.78994748973
140.912325652 -34.3795526106 -9.78994748973
140.912325652 -34.3795526106 -11.2899474897
129.091752840 -5.62169840961 -11.2899474897
129.310967076 -5.37843258382 -11.2899474897
129.091752840 -5.62169840961 -11.2899474897
98.2052913506 -4.85956533893 -11.2899474897
98.2037053035 -4.85695901708 -11.2899474897
98.2052913506 -4.85956533893 -11.2899474897
56.9244624602 -27.4968750911 -11.2899474897
56.9244624602 -27.4968750911 -12.7899474897
98.2052913506 -4.85956533893 -12.7899474897
98.2037053035 -4.85695901708 -12.7899474897
98.2052913506 -4.85956533893 -12.7899474897
129.091752840 -5.62169840961 -12.7899474897
129.310967076 -5.37843258382 -12.7899474897
129.091752840 -5.62169840961 -12.7899474897
140.912325652 -34.3795526106 -12.7899474897
140.912325652 -34.3795526106 -14.2899474897
129.091752840 -5.62169840961 -14.2899474897
129.310967076 -5.37843258382 -14.2899474897
129.091752840 -5.62169840961 -14.2899474897
98.2052913506 -4.85956533893 -14.2899474897
98.2037053035 -4.85695901708 -14.2899474897
98.2052913506 -4.85956533893 -14.2899474897
56.9244624602 -27.4968750911 -14.2899474897
56.9244624602 -27.4968750911 -15.7899474897
98.2052913506 -4.85956533893 -15.7899474897
98.2037053035 -4.85695901708 -15.7899474897
98.2052913506 -4.85956533893 -15.7899474897
129.091752840 -5.62169840961 -15.7899474897
129.310967076 -5.37843258382 -15.7899474897
129.091752840 -5.62169840961 -15.7899474897
140.912325652 -34.3795526106 -15.7899474897
140.912325652 -34.3795526106 -17.2899474897
129.091752840 -5.62169840961 -17.2899474897
129.310967076 -5.37843258382 -17.2899474897
129.091752840 -5.62169840961 -17.2899474897
98.2052913506 -4.85956533893 -17.2899474897
98.2037053035 -4.85695901708 -17.2899474897
98.2052913506 -4.85956533893 -17.2899474897
56.9244624602 -27.4968750911 -17.2899474897
56.9244624602 -27.4968750911 -18.7899474897
98.2052913506 -4.85956533893 -18.7899474897
98.2037053035 -4.85695901708 -18.7899474897
98.2052913506 -4.85956533893 -18.7899474897
129.091752840 -5.62169840961 -18.7899474897
129.310967076 -5.37843258382 -18.7899474897
129.091752840 -5.62169840961 -18.7899474897
140.912325652 -34.3795526106 -18.7899474897
140.912325652 -34.3795526106 -20.2899474897
129.091752840 -5.62169840961 -20.2899474897
129.310967076 -5.37843258382 -20.2899474897
129.091752840 -5.62169840961 -20.2899474897
98.2052913506 -4.85956533893 -20.2899474897
98.2037053035 -4.85695901708 -20.2899474897
98.2052913506 -4.85956533893 -20.2899474897
56.9244624602 -27.4968750911 -20.2899474897
56.9244624602 -27.4968750911 -21.7899474897
98.2052913506 -4.85956533893 -21.7899474897
98.2037053035 -4.85695901708 -21.7899474897
98.2052913506 -4.85956533893 -21.7899474897
129.091752840 -5.62169840961 -21.7899474897
129.310967076 -5.37843258382 -21.7899474897
129.091752840 -5.62169840961 -21.7899474897
140.912325652 -34.3795526106 -21.7899474897
140.912325652 -34.3795526106 -23.2899474897
129.091752840 -5.62169840961 -23.2899474897
129.310967076 -5.37843258382 -23.2899474897
129.091752840 -5.62169840961 -23.2899474897
98.2052913506 -4.85956533893 -23.2899474897
98.2037053035 -4.85695901708 -23.2899474897
98.2052913506 -4.85956533893 -23.2899474897
56.9244624602 -27.4968750911 -23.2899474897
56.9244624602 -27.4968750911 -24.7899474897
98.2052913506 -4.85956533893 -24.7899474897
98.2037053035 -4.85695901708 -24.7899474897
98.2052913506 -4.85956533893 -24.7899474897
129.091752840 -5.62169840961 -24.7899474897
129.310967076 -5.37843258382 -24.7899474897
129.091752840 -5.62169840961 -24.7899474897
140.912325652 -34.3795526106 -24.7899474897
140.912325652 -34.3795526106 -26.2899474897
129.091752840 -5.62169840961 -26.2899474897
129.310967076 -5.37843258382 -26.2899474897
129.091752840 -5.62169840961 -26.2899474897
98.2052913506 -4.85956533893 -26.2899474897
98.2037053035 -4.85695901708 -26.2899474897
98.2052913506 -4.85956533893 -26.2899474897
56.9244624602 -27.4968750911 -26.2899474897
56.9244624602 -27.4968750911 -27.7899474897
98.2052913506 -4.85956533893 -27.7899474897
98.2037053035 -4.85695901708 -27.7899474897
98.2052913506 -4.85956533893 -27.7899474897
129.091752840 -5.62169840961 -27.7899474897
129.310967076 -5.37843258382 -27.7899474897
129.091752840 -5.62169840961 -27.7899474897
140.912325652 -34.3795526106 -27.7899474897
140.912325652 -34.3795526106 -29.2899474897
129.091752840 -5.62169840961 -29.2899474897
129.310967076 -5.37843258382 -29.2899474897
129.091752840 -5.62169840961 -29.2899474897
98.2052913506 -4.85956533893 -29.2899474897
98.2037053035 -4.85695901708 -29.2899474897
98.2052913506 -4.85956533893 -29.2899474897
56.9244624602 -27.4968750911 -29.2899474897
56.9244624602 -27.4968750911 -30.7899474897
98.2052913506 -4.85956533893 -30.7899474897
98.2037053035 -4.85695901708 -30.7899474897
98.2052913506 -4.85956533893 -30.7899474897
129.091752840 -5.62169840961 -30.7899474897
129.310967076 -5.37843258382 -30.7899474897
129.091752840 -5.62169840961 -30.7899474897
140.912325652 -34.3795526106 -30.7899474897
140.912325652 -34.3795526106 -32.2899474897
129.091752840 -5.62169840961 -32.2899474897
129.310967076 -5.37843258382 -32.2899474897
129.091752840 -5.62169840961 -32.2899474897
98.2052913506 -4.85956533893 -32.2899474897
98.2037053035 -4.85695901708 -32.2899474897
98.2052913506 -4.85956533893 -32.2899474897
56.9244624602 -27.4968750911 -32.2899474897
56.9244624602 -27.4968750911 -33.7899474897
98.2052913506 -4.85956533893 -33.7899474897
98.2037053035 -4.85695901708 -33.7899474897
98.2052913506 -4.85956533893 -33.7899474897
129.091752840 -5.62169840961 -33.7899474897
129.310967076 -5.37843258382 -33.7899474897
129.091752840 -5.62169840961 -33.7899474897
140.912325652 -34.3795526106 -33.7899474897
140.912325652 -34.3795526106 -35.2899474897
129.091752840 -5.62169840961 -35.2899474897
129.310967076 -5.37843258382 -35.2899474897
129.091752840 -5.62169840961 -35.2899474897
98.2052913506 -4.85956533893 -35.2899474897
98.2037053035 -4.85695901708 -35.2899474897
98.2052913506 -4.85956533893 -35.2899474897
56.9244624602 -27.4968750911 -35.2899474897
56.9244624602 -27.4968750911 -36.7899474897
98.2052913506 -4.85956533893 -36.7899474897
98.2037053035 -4.85695901708 -36.7899474897
98.2052913506 -4.85956533893 -36.7899474897
129.091752840 -5.62169840961 -36.7899474897
129.310967076 -5.37843258382 -36.7899474897
129.091752840 -5.62169840961 -36.7899474897
140.912325652 -34.3795526106 -36.7899474897
140.912325652 -34.3795526106 -38.2899474897
129.091752840 -5.62169840961 -38.2899474897
129.310967076 -5.37843258382 -38.2899474897
129.091752840 -5.62169840961 -38.2899474897
98.2052913506 -4.85956533893 -38.2899474897
98.2037053035 -4.85695901708 -38.2899474897
98.2052913506 -4.85956533893 -38.2899474897
56.9244624602 -27.4968750911 -38.2899474897
56.9244624602 -27.4968750911 -39.7899474897
98.2052913506 -4.85956533893 -39.7899474897
98.2037053035 -4.85695901708 -39.7899474897
98.2052913506 -4.85956533893 -39.7899474897
129.091752840 -5.62169840961 -39.7899474897
129.310967076 -5.37843258382 -39.7899474897
129.091752840 -5.62169840961 -39.7899474897
140.912325652 -34.3795526106 -39.7899474897
140.912325652 -34.3795526106 -41.2899474897
129.091752840 -5.62169840961 -41.2899474897
129.310967076 -5.37843258382 -41.2899474897
129.091752840 -5.62169840961 -41.2899474897
98.2052913506 -4.85956533893 -41.2899474897
98.2037053035 -4.85695901708 -41.2899474897
98.2052913506 -4.85956533893 -41.2899474897
56.9244624602 -27.4968750911 -41.2899474897
56.9244624602 -27.4968750911 -42.7899474897
98.2052913506 -4.85956533893 -42.7899474897
98.2037053035 -4.85695901708 -42.7899474897
98.2052913506 -4.85956533893 -42.7899474897
129.091752840 -5.62169840961 -42.7899474897
129.310967076 -5.37843258382 -42.7899474897
129.091752840 -5.62169840961 -42.7899474897
140.912325652 -34.3795526106 -42.7899474897
140.912325652 -34.3795526106 -44.2899474897
129.091752840 -5.62169840961 -44.2899474897
129.310967076 -5.37843258382 -44.2899474897
129.091752840 -5.62169840961 -44.2899474897
98.2052913506 -4.85956533893 -44.2899474897
98.2037053035 -4.85695901708 -44.2899474897
98.2052913506 -4.85956533893 -44.2899474897
56.9244624602 -27.4968750911 -44.2899474897
56.9244624602 -27.4968750911 -45.7899474897
98.2052913506 -4.85956533893 -45.7899474897
98.2037053035 -4.85695901708 -45.7899474897
98.2052913506 -4.85956533893 -45.7899474897
129.091752840 -5.62169840961 -45.7899474897
129.310967076 -5.37843258382 -45.7899474897
129.091752840 -5.62169840961 -45.7899474897
140.912325652 -34.3795526106 -45.7899474897
140.912325652 -34.3795526106 -47.2899474897
129.091752840 -5.62169840961 -47.2899474897
129.310967076 -5.37843258382 -47.2899474897
129.091752840 -5.62169840961 -47.2899474897
98.2052913506 -4.85956533893 -47.2899474897
98.2037053035 -4.85695901708 -47.2899474897
98.2052913506 -4.85956533893 -47.2899474897
56.9244624602 -27.4968750911 -47.2899474897
56.9244624602 -27.4968750911 -48.7899474897
98.2052913506 -4.85956533893 -48.7899474897
98.2037053035 -4.85695901708 -48.7899474897
98.2052913506 -4.85956533893 -48.7899474897
129.091752840 -5.62169840961 -48.7899474897
129.310967076 -5.37843258382 -48.7899474897
129.091752840 -5.62169840961 -48.7899474897
140.912325652 -34.3795526106 -48.7899474897
140.912325652 -34.3795526106 -50.2899474897
129.091752840 -5.62169840961 -50.2899474897
129.310967076 -5.37843258382 -50.2899474897
129.091752840 -5.62169840961 -50.2899474897
98.2052913506 -4.85956533893 -50.2899474897
98.2037053035 -4.85695901708 -50.2899474897
98.2052913506 -4.85956533893 -50.2899474897
56.9244624602 -27.4968750911 -50.2899474897
56.9244624602 -27.4968750911 -51.7899474897
98.2052913506 -4.85956533893 -51.7899474897
98.2037053035 -4.85695901708 -51.7899474897
98.2052913506 -4.85956533893 -51.7899474897
129.091752840 -5.62169840961 -51.7899474897
129.310967076 -5.37843258382 -51.7899474897
129.091752840 -5.62169840961 -51.7899474897
140.912325652 -34.3795526106 -51.7899474897
140.912325652 -34.3795526106 -53.2899474897
129.091752840 -5.62169840961 -53.2899474897
129.310967076 -5.37843258382 -53.2899474897
129.091752840 -5.62169840961 -53.2899474897
98.2052913506 -4.85956533893 -53.2899474897
98.2037053035 -4.85695901708 -53.2899474897
98.2052913506 -4.85956533893 -53.2899474897
56.9244624602 -27.4968750911 -53.2899474897
56.9244624602 -27.4968750911 -54.7899474897
98.2052913506 -4.85956533893 -54.7899474897
98.2037053035 -4.85695901708 -54.7899474897
98.2052913506 -4.85956533893 -54.7899474897
129.091752840 -5.62169840961 -54.7899474897
129.310967076 -5.37843258382 -54.7899474897
129.091752840 -5.62169840961 -54.7899474897
140.912325652 -34.3795526106 -54.7899474897
140.912325652 -34.3795526106 -56.2899474897
129.091752840 -5.62169840961 -56.2899474897
129.310967076 -5.37843258382 -56.2899474897
129.091752840 -5.62169840961 -56.2899474897
98.2052913506 -4.85956533893 -56.2899474897
98.2037053035 -4.85695901708 -56.2899474897
98.2052913506 -4.85956533893 -56.2899474897
56.9244624602 -27.4968750911 -56.2899474897
56.9244624602 -27.4968750911 -57.7899474897
98.2052913506 -4.85956533893 -57.7899474897
98.2037053035 -4.85695901708 -57.7899474897
98.2052913506 -4.85956533893 -57.7899474897
129.091752840 -5.62169840961 -57.7899474897
129.310967076 -5.37843258382 -57.7899474897
129.091752840 -5.62169840961 -57.7899474897
140.912325652 -34.3795526106 -57.7899474897
140.912325652 -34.3795526106 -59.2899474897
129.091752840 -5.62169840961 -59.2899474897
129.310967076 -5.37843258382 -59.2899474897
129.091752840 -5.62169840961 -59.2899474897
98.2052913506 -4.85956533893 -59.2899474897
98.2037053035 -4.85695901708 -59.2899474897
98.2052913506 -4.85956533893 -59.2899474897
56.9244624602 -27.4968750911 -59.2899474897
56.9244624602 -27.4968750911 -60.7899474897
98.2052913506 -4.85956533893 -60.7899474897
98.2037053035 -4.85695901708 -60.7899474897
98.2052913506 -4.85956533893 -60.7899474897
129.091752840 -5.62169840961 -60.7899474897
129.310967076 -5.37843258382 -60.7899474897
129.091752840 -5.62169840961 -60.7899474897
140.912325652 -34.3795526106 -60.7899474897
140.912325652 -34.3795526106 -62.2899474897
129.091752840 -5.62169840961 -62.2899474897
129.310967076 -5.37843258382 -62.2899474897
129.091752840 -5.62169840961 -62.2899474897
98.2052913506 -4.85956533893 -62.2899474897
98.2037053035 -4.85695901708 -62.2899474897
98.2052913506 -4.85956533893 -62.2899474897
56.9244624602 -27.4968750911 -62.2899474897
56.9244624602 -27.4968750911 -63.7899474897
98.2052913506 -4.85956533893 -63.7899474897
98.2037053035 -4.85695901708 -63.7899474897
98.2052913506 -4.85956533893 -63.7899474897
129.091752840 -5.62169840961 -63.7899474897
129.310967076 -5.37843258382 -63.7899474897
129.091752840 -5.62169840961 -63.7899474897
140.912325652 -34.3795526106 -63.7899474897
140.912325652 -34.3795526106 -65.2899474897
129.091752840 -5.62169840961 -65.2899474897
129.310967076 -5.37843258382 -65.2899474897
129.091752840 -5.62169840961 -65.2899474897
98.2052913506 -4.85956533893 -65.2899474897
98.2037053035 -4.85695901708 -65.2899474897
98.2052913506 -4.85956533893 -65.2899474897
56.9244624602 -27.4968750911 -65.2899474897
56.9244624602 -27.4968750911 -66.7899474897
98.2052913506 -4.85956533893 -66.7899474897
98.2037053035 -4.85695901708 -66.7899474897
98.2052913506 -4.85956533893 -66.7899474897
129.091752840 -5.62169840961 -66.7899474897
129.310967076 -5.37843258382 -66.7899474897
129.091752840 -5.62169840961 -66.7899474897
140.912325652 -34.3795526106 -66.7899474897
140.912325652 -34.3795526106 -68.2899474897
129.091752840 -5.62169840961 -68.2899474897
129.310967076 -5.37843258382 -68.2899474897
129.091752840 -5.62169840961 -68.2899474897
98.2052913506 -4.85956533893 -68.2899474897
98.2037053035 -4.85695901708 -68.2899474897
98.2052913506 -4.85956533893 -68.2899474897
56.9244624602 -27.4968750911 -68.2899474897
56.9244624602 -27.4968750911 -69.7899474897
98.2052913506 -4.85956533893 -69.7899474897
98.2037053035 -4.85695901708 -69.7899474897
98.2052913506 -4.85956533893 -69.7899474897
129.091752840 -5.62169840961 -69.7899474897
129.310967076 -5.37843258382 -69.7899474897
129.091752840 -5.62169840961 -69.7899474897
140.912325652 -34.3795526106 -69.7899474897
140.912325652 -34.3795526106 -71.2899474897
129.091752840 -5.62169840961 -71.2899474897
129.310967076 -5.37843258382 -71.2899474897
129.091752840 -5.62169840961 -71.2899474897
98.2052913506 -4.85956533893 -71.2899474897
98.2037053035 -4.85695901708 -71.2899474897
98.2052913506 -4.85956533893 -71.2899474897
