120.216372162 31.7531038913 -1.78994748973
119.997157927 31.5098380655 -1.78994748973
120.216372162 31.7531038913 -1.78994748973
151.102833652 30.9909708207 -1.78994748973
151.104419699 30.9883644988 -1.78994748973
151.102833652 30.9909708207 -1.78994748973
192.383662542 53.6282805729 -1.78994748973
192.383662542 53.6282805729 -3.28994748973
151.102833652 30.9909708207 -3.28994748973
151.104419699 30.9883644988 -3.28994748973
151.102833652 30.9909708207 -3.28994748973
120.216372162 31.7531038913 -3.28994748973
119.997157927 31.5098380655 -3.28994748973
120.216372162 31.7531038913 -3.28994748973
108.395799350 60.5109580923 -3.28994748973
108.395799350 60.5109580923 -4.78994748973
120.216372162 31.7531038913 -4.78994748973
119.997157927 31.5098380655 -4.78994748973
120.216372162 31.7531038913 -4.78994748973
151.102833652 30.9909708207 -4.78994748973
151.104419699 30.9883644988 -4.78994748973
151.102833652 30.9909708207 -4.78994748973
192.383662542 53.6282805729 -4.78994748973
192.383662542 53.6282805729 -6.28994748973
151.102833652 30.9909708207 -6.28994748973
151.104419699 30.9883644988 -6.28994748973
151.102833652 30.9909708207 -6.28994748973
120.216372162 31.7531038913 -6.28994748973
119.997157927 31.5098380655 -6.28994748973
120.216372162 31.7531038913 -6.28994748973
108.395799350 60.5109580923 -6.28994748973
108.395799350 60.5109580923 -7.78994748973
120.216372162 31.7531038913 -7.78994748973
119.997157927 31.5098380655 -7.78994748973
120.216372162 31.7531038913 -7.78994748973
151.102833652 30.9909708207 -7.78994748973
151.104419699 30.9883644988 -7.78994748973
151.102833652 30.9909708207 -7.78994748973
192.383662542 53.6282805729 -7.78994748973
192.383662542 53.6282805729 -9.28994748973
151.102833652 30.9909708207 -9.28994748973
151.104419699 30.9883644988 -9.28994748973
151.102833652 30.9909708207 -9.28994748973
120.216372162 31.7531038913 -9.28994748973
119.997157927 31.5098380655 -9.28994748973
120.216372162 31.7531038913 -9.28994748973
108.395799350 60.5109580923 -9.28994748973
108.395799350 60.5109580923 -10.7899474897
120.216372162 31.7531038913 -10.7899474897
119.997157927 31.5098380655 -10.7899474897
120.216372162 31.7531038913 -10.7899474897
151.102833652 30.9909708207 -10.7899474897
151.104419699 30.9883644988 -10.7899474897
151.102833652 30.9909708207 -10.7899474897
192.383662542 53.6282805729 -10.7899474897
192.383662542 53.6282805729 -12.2899474897
151.102833652 30.9909708207 -12.2899474897
151.104419699 30.9883644988 -12.2899474897
151.102833652 30.9909708207 -12.2899474897
120.216372162 31.7531038913 -12.2899474897
119.997157927 31.5098380655 -12.2899474897
120.216372162 31.7531038913 -12.2899474897
108.395799350 60.5109580923 -12.2899474897
108.395799350 60.5109580923 -13.7899474897
120.216372162 31.7531038913 -13.7899474897
119.997157927 31.5098380655 -13.7899474897
120.216372162 31.7531038913 -13.7899474897
151.102833652 30.9909708207 -13.7899474897
151.104419699 30.9883644988 -13.7899474897
151.102833652 30.9909708207 -13.7899474897
192.383662542 53.6282805729 -13.7899474897
192.383662542 53.6282805729 -15.2899474897
151.102833652 30.9909708207 -15.2899474897
151.104419699 30.9883644988 -15.2899474897
151.102833652 30.9909708207 -15.2899474897
120.216372162 31.7531038913 -15.2899474897
119.997157927 31.5098380655 -15.2899474897
120.216372162 31.7531038913 -15.2899474897
108.395799350 60.5109580923 -15.2899474897
108.395799350 60.5109580923 -16.7899474897
120.216372162 31.7531038913 -16.7899474897
119.997157927 31.5098380655 -16.7899474897
120.216372162 31.7531038913 -16.7899474897
151.102833652 30.9909708207 -16.7899474897
151.104419699 30.9883644988 -16.7899474897
151.102833652 30.9909708207 -16.7899474897
192.383662542 53.6282805729 -16.7899474897
192.383662542 53.6282805729 -18.2899474897
151.102833652 30.9909708207 -18.2899474897
151.104419699 30.9883644988 -18.2899474897
151.102833652 30.9909708207 -18.2899474897
120.216372162 31.7531038913 -18.2899474897
119.997157927 31.5098380655 -18.2899474897
120.216372162 31.7531038913 -18.2899474897
108.395799350 60.5109580923 -18.2899474897
108.395799350 60.5109580923 -19.7899474897
120.216372162 31.7531038913 -19.7899474897
119.997157927 31.5098380655 -19.7899474897
120.216372162 31.7531038913 -19.7899474897
151.102833652 30.9909708207 -19.7899474897
151.104419699 30.9883644988 -19.7899474897
151.102833652 30.9909708207 -19.7899474897
192.383662542 53.6282805729 -19.7899474897
192.383662542 53.6282805729 -21.2899474897
151.102833652 30.9909708207 -21.2899474897
151.104419699 30.9883644988 -21.2899474897
151.102833652 30.9909708207 -21.2899474897
120.216372162 31.7531038913 -21.2899474897
119.997157927 31.5098380655 -21.2899474897
120.216372162 31.7531038913 -21.2899474897
108.395799350 60.5109580923 -21.2899474897
108.395799350 60.5109580923 -22.7899474897
120.216372162 31.7531038913 -22.7899474897
119.997157927 31.5098380655 -22.7899474897
120.216372162 31.7531038913 -22.7899474897
151.102833652 30.9909708207 -22.7899474897
151.104419699 30.9883644988 -22.7899474897
151.102833652 30.9909708207 -22.7899474897
192.383662542 53.6282805729 -22.7899474897
192.383662542 53.6282805729 -24.2899474897
151.102833652 30.9909708207 -24.2899474897
151.104419699 30.9883644988 -24.2899474897
151.102833652 30.9909708207 -24.2899474897
120.216372162 31.7531038913 -24.2899474897
119.997157927 31.5098380655 -24.2899474897
120.216372162 31.7531038913 -24.2899474897
108.395799350 60.5109580923 -24.2899474897
108.395799350 60.5109580923 -25.7899474897
120.216372162 31.7531038913 -25.7899474897
119.997157927 31.5098380655 -25.7899474897
120.216372162 31.7531038913 -25.7899474897
151.102833652 30.9909708207 -25.7899474897
151.104419699 30.9883644988 -25.7899474897
151.102833652 30.9909708207 -25.7899474897
192.383662542 53.6282805729 -25.7899474897
192.383662542 53.6282805729 -27.2899474897
151.102833652 30.9909708207 -27.2899474897
151.104419699 30.9883644988 -27.2899474897
151.102833652 30.9909708207 -27.2899474897
120.216372162 31.7531038913 -27.2899474897
119.997157927 31.5098380655 -27.2899474897
120.216372162 31.7531038913 -27.2899474897
108.395799350 60.5109580923 -27.2899474897
108.395799350 60.5109580923 -28.7899474897
120.216372162 31.7531038913 -28.7899474897
119.997157927 31.5098380655 -28.7899474897
120.216372162 31.7531038913 -28.7899474897
151.102833652 30.9909708207 -28.7899474897
151.104419699 30.9883644988 -28.7899474897
151.102833652 30.9909708207 -28.7899474897
192.383662542 53.6282805729 -28.7899474897
192.383662542 53.6282805729 -30.2899474897
151.102833652 30.9909708207 -30.2899474897
151.104419699 30.9883644988 -30.2899474897
151.102833652 30.9909708207 -30.2899474897
120.216372162 31.7531038913 -30.2899474897
119.997157927 31.5098380655 -30.2899474897
120.216372162 31.7531038913 -30.2899474897
108.395799350 60.5109580923 -30.2899474897
108.395799350 60.5109580923 -31.7899474897
120.216372162 31.7531038913 -31.7899474897
119.997157927 31.5098380655 -31.7899474897
120.216372162 31.7531038913 -31.7899474897
151.102833652 30.9909708207 -31.7899474897
151.104419699 30.9883644988 -31.7899474897
151.102833652 30.9909708207 -31.7899474897
192.383662542 53.6282805729 -31.7899474897
192.383662542 53.6282805729 -33.2899474897
151.102833652 30.9909708207 -33.2899474897
151.104419699 30.9883644988 -33.2899474897
151.102833652 30.9909708207 -33.2899474897
120.216372162 31.7531038913 -33.2899474897
119.997157927 31.5098380655 -33.2899474897
120.216372162 31.7531038913 -33.2899474897
108.395799350 60.5109580923 -33.2899474897
108.395799350 60.5109580923 -34.7899474897
120.216372162 31.7531038913 -34.7899474897
119.997157927 31.5098380655 -34.7899474897
120.216372162 31.7531038913 -34.7899474897
151.102833652 30.9909708207 -34.7899474897
151.104419699 30.9883644988 -34.7899474897
151.102833652 30.9909708207 -34.7899474897
192.383662542 53.6282805729 -34.7899474897
192.383662542 53.6282805729 -36.2899474897
151.102833652 30.9909708207 -36.2899474897
151.104419699 30.9883644988 -36.2899474897
151.102833652 30.9909708207 -36.2899474897
120.216372162 31.7531038913 -36.2899474897
119.997157927 31.5098380655 -36.2899474897
120.216372162 31.7531038913 -36.2899474897
108.395799350 60.5109580923 -36.2899474897
108.395799350 60.5109580923 -37.7899474897
120.216372162 31.7531038913 -37.7899474897
119.997157927 31.5098380655 -37.7899474897
120.216372162 31.7531038913 -37.7899474897
151.102833652 30.9909708207 -37.7899474897
151.104419699 30.9883644988 -37.7899474897
151.102833652 30.9909708207 -37.7899474897
192.383662542 53.6282805729 -37.7899474897
192.383662542 53.6282805729 -39.2899474897
151.102833652 30.9909708207 -39.2899474897
151.104419699 30.9883644988 -39.2899474897
151.102833652 30.9909708207 -39.2899474897
120.216372162 31.7531038913 -39.2899474897
119.997157927 31.5098380655 -39.2899474897
120.216372162 31.7531038913 -39.2899474897
108.395799350 60.5109580923 -39.2899474897
108.395799350 60.5109580923 -40.7899474897
120.216372162 31.7531038913 -40.7899474897
119.997157927 31.5098380655 -40.7899474897
120.216372162 31.7531038913 -40.7899474897
151.102833652 30.9909708207 -40.7899474897
151.104419699 30.9883644988 -40.7899474897
151.102833652 30.9909708207 -40.7899474897
192.383662542 53.6282805729 -40.7899474897
192.383662542 53.6282805729 -42.2899474897
151.102833652 30.9909708207 -42.2899474897
151.104419699 30.9883644988 -42.2899474897
151.102833652 30.9909708207 -42.2899474897
120.216372162 31.7531038913 -42.2899474897
119.997157927 31.5098380655 -42.2899474897
120.216372162 31.7531038913 -42.2899474897
108.395799350 60.5109580923 -42.2899474897
108.395799350 60.5109580923 -43.7899474897
120.216372162 31.7531038913 -43.7899474897
119.997157927 31.5098380655 -43.7899474897
120.216372162 31.7531038913 -43.7899474897
151.102833652 30.9909708207 -43.7899474897
151.104419699 30.9883644988 -43.7899474897
151.102833652 30.9909708207 -43.7899474897
192.383662542 53.6282805729 -43.7899474897
192.383662542 53.6282805729 -45.2899474897
151.102833652 30.9909708207 -45.2899474897
151.104419699 30.9883644988 -45.2899474897
151.102833652 30.9909708207 -45.2899474897
120.216372162 31.7531038913 -45.2899474897
119.997157927 31.5098380655 -45.2899474897
120.216372162 31.7531038913 -45.2899474897
108.395799350 60.5109580923 -45.2899474897
108.395799350 60.5109580923 -46.7899474897
120.216372162 31.7531038913 -46.7899474897
119.997157927 31.5098380655 -46.7899474897
120.216372162 31.7531038913 -46.7899474897
151.102833652 30.9909708207 -46.7899474897
151.104419699 30.9883644988 -46.7899474897
151.102833652 30.9909708207 -46.7899474897
192.383662542 53.6282805729 -46.7899474897
192.383662542 53.6282805729 -48.2899474897
151.102833652 30.9909708207 -48.2899474897
151.104419699 30.9883644988 -48.2899474897
151.102833652 30.9909708207 -48.2899474897
120.216372162 31.7531038913 -48.2899474897
119.997157927 31.5098380655 -48.2899474897
120.216372162 31.7531038913 -48.2899474897
108.395799350 60.5109580923 -48.2899474897
108.395799350 60.5109580923 -49.7899474897
120.216372162 31.7531038913 -49.7899474897
119.997157927 31.5098380655 -49.7899474897
120.216372162 31.7531038913 -49.7899474897
151.102833652 30.9909708207 -49.7899474897
151.104419699 30.9883644988 -49.7899474897
151.102833652 30.9909708207 -49.7899474897
192.383662542 53.6282805729 -49.7899474897
192.383662542 53.6282805729 -51.2899474897
151.102833652 30.9909708207 -51.2899474897
151.104419699 30.9883644988 -51.2899474897
151.102833652 30.9909708207 -51.2899474897
120.216372162 31.7531038913 -51.2899474897
119.997157927 31.5098380655 -51.2899474897
120.216372162 31.7531038913 -51.2899474897
108.395799350 60.5109580923 -51.2899474897
108.395799350 60.5109580923 -52.7899474897
120.216372162 31.7531038913 -52.7899474897
119.997157927 31.5098380655 -52.7899474897
120.216372162 31.7531038913 -52.7899474897
151.102833652 30.9909708207 -52.7899474897
151.104419699 30.9883644988 -52.7899474897
151.102833652 30.9909708207 -52.7899474897
192.383662542 53.6282805729 -52.7899474897
192.383662542 53.6282805729 -54.2899474897
151.102833652 30.9909708207 -54.2899474897
151.104419699 30.9883644988 -54.2899474897
151.102833652 30.9909708207 -54.2899474897
120.216372162 31.7531038913 -54.2899474897
119.997157927 31.5098380655 -54.2899474897
120.216372162 31.7531038913 -54.2899474897
108.395799350 60.5109580923 -54.2899474897
108.395799350 60.5109580923 -55.7899474897
120.216372162 31.7531038913 -55.7899474897
119.997157927 31.5098380655 -55.7899474897
120.216372162 31.7531038913 -55.7899474897
151.102833652 30.9909708207 -55.7899474897
151.104419699 30.9883644988 -55.7899474897
151.102833652 30.9909708207 -55.7899474897
192.383662542 53.6282805729 -55.7899474897
192.383662542 53.6282805729 -57.2899474897
151.102833652 30.9909708207 -57.2899474897
151.104419699 30.9883644988 -57.2899474897
151.102833652 30.9909708207 -57.2899474897
120.216372162 31.7531038913 -57.2899474897
119.997157927 31.5098380655 -57.2899474897
120.216372162 31.7531038913 -57.2899474897
108.395799350 60.5109580923 -57.2899474897
108.395799350 60.5109580923 -58.7899474897
120.216372162 31.7531038913 -58.7899474897
119.997157927 31.5098380655 -58.7899474897
120.216372162 31.7531038913 -58.7899474897
151.102833652 30.9909708207 -58.7899474897
151.104419699 30.9883644988 -58.7899474897
151.102833652 30.9909708207 -58.7899474897
192.383662542 53.6282805729 -58.7899474897
192.383662542 53.6282805729 -60.2899474897
151.102833652 30.9909708207 -60.2899474897
151.104419699 30.9883644988 -60.2899474897
151.102833652 30.9909708207 -60.2899474897
120.216372162 31.7531038913 -60.2899474897
119.997157927 31.5098380655 -60.2899474897
120.216372162 31.7531038913 -60.2899474897
108.395799350 60.5109580923 -60.2899474897
108.395799350 60.5109580923 -61.7899474897
120.216372162 31.7531038913 -61.7899474897
119.997157927 31.5098380655 -61.7899474897
120.216372162 31.7531038913 -61.7899474897
151.102833652 30.9909708207 -61.7899474897
151.104419699 30.9883644988 -61.7899474897
151.102833652 30.9909708207 -61.7899474897
192.383662542 53.6282805729 -61.7899474897
192.383662542 53.6282805729 -63.2899474897
151.102833652 30.9909708207 -63.2899474897
151.104419699 30.9883644988 -63.2899474897
151.102833652 30.9909708207 -63.2899474897
120.216372162 31.7531038913 -63.2899474897
119.997157927 31.5098380655 -63.2899474897
120.216372162 31.7531038913 -63.2899474897
108.395799350 60.5109580923 -63.2899474897
108.395799350 60.5109580923 -64.7899474897
120.216372162 31.7531038913 -64.7899474897
119.997157927 31.5098380655 -64.7899474897
120.216372162 31.7531038913 -64.7899474897
151.102833652 30.9909708207 -64.7899474897
151.104419699 30.9883644988 -64.7899474897
151.102833652 30.9909708207 -64.7899474897
192.383662542 53.6282805729 -64.7899474897
192.383662542 53.6282805729 -66.2899474897
151.102833652 30.9909708207 -66.2899474897
151.104419699 30.9883644988 -66.2899474897
151.102833652 30.9909708207 -66.2899474897
120.216372162 31.7531038913 -66.2899474897
119.997157927 31.5098380655 -66.2899474897
120.216372162 31.7531038913 -66.2899474897
108.395799350 60.5109580923 -66.2899474897
108.395799350 60.5109580923 -67.7899474897
120.216372162 31.7531038913 -67.7899474897
119.997157927 31.5098380655 -67.7899474897
120.216372162 31.7531038913 -67.7899474897
151.102833652 30.9909708207 -67.7899474897
151.104419699 30.9883644988 -67.7899474897
151.102833652 30.9909708207 -67.7899474897
192.383662542 53.6282805729 -67.7899474897
192.383662542 53.6282805729 -69.2899474897
151.102833652 30.9909708207 -69.2899474897
151.104419699 30.9883644988 -69.2899474897
151.102833652 30.9909708207 -69.2899474897
120.216372162 31.7531038913 -69.2899474897
119.997157927 31.5098380655 -69.2899474897
120.216372162 31.7531038913 -69.2899474897
108.395799350 60.5109580923 -69.2899474897
108.395799350 60.5109580923 -70.7899474897
120.216372162 31.7531038913 -70.7899474897
119.997157927 31.5098380655 -70.7899474897
120.216372162 31.7531038913 -70.7899474897
151.102833652 30.9909708207 -70.7899474897
151.104419699 30.9883644988 -70.7899474897
151.102833652 30.9909708207 -70.7899474897
