120.987959362 29.2072053351 9.59631361952
126.723343401 29.0656829450 9.59631361952
105.378629486 -2.50971029329 9.59631361952
111.114013524 -2.65123268330 9.59631361952
132.458727439 28.9241605550 9.59631361952
138.194111478 28.7826381650 9.59631361952
116.849397563 -2.79275507331 9.59631361952
122.584781601 -2.93427746332 9.59631361952
143.929495516 28.6411157750 9.59631361952
149.664879555 28.4995933850 9.59631361952
128.320165640 -3.07579985333 9.59631361952
128.320165640 -3.07579985333 8.09631361952
149.664879555 28.4995933850 8.09631361952
143.929495516 28.6411157750 8.09631361952
122.584781601 -2.93427746332 8.09631361952
116.849397563 -2.79275507331 8.09631361952
138.194111478 28.7826381650 8.09631361952
132.458727439 28.9241605550 8.09631361952
111.114013524 -2.65123268330 8.09631361952
105.378629486 -2.50971029329 8.09631361952
126.723343401 29.0656829450 8.09631361952
120.987959362 29.2072053351 8.09631361952
99.6432454472 -2.36818790329 8.09631361952
99.6432454472 -2.36818790329 6.59631361952
120.987959362 29.2072053351 6.59631361952
126.723343401 29.0656829450 6.59631361952
105.378629486 -2.50971029329 6.59631361952
111.114013524 -2.65123268330 6.59631361952
132.458727439 28.9241605550 6.59631361952
138.194111478 28.7826381650 6.59631361952
116.849397563 -2.79275507331 6.59631361952
122.584781601 -2.93427746332 6.59631361952
143.929495516 28.6411157750 6.59631361952
149.664879555 28.4995933850 6.59631361952
128.320165640 -3.07579985333 6.59631361952
128.320165640 -3.07579985333 5.09631361952
149.664879555 28.4995933850 5.09631361952
143.929495516 28.6411157750 5.09631361952
122.584781601 -2.93427746332 5.09631361952
116.849397563 -2.79275507331 5.09631361952
138.194111478 28.7826381650 5.09631361952
132.458727439 28.9241605550 5.09631361952
111.114013524 -2.65123268330 5.09631361952
105.378629486 -2.50971029329 5.09631361952
126.723343401 29.0656829450 5.09631361952
120.987959362 29.2072053351 5.09631361952
99.6432454472 -2.36818790329 5.09631361952
99.6432454472 -2.36818790329 3.59631361952
120.987959362 29.2072053351 3.59631361952
126.723343401 29.0656829450 3.59631361952
105.378629486 -2.50971029329 3.59631361952
111.114013524 -2.65123268330 3.59631361952
132.458727439 28.9241605550 3.59631361952
138.194111478 28.7826381650 3.59631361952
116.849397563 -2.79275507331 3.59631361952
122.584781601 -2.93427746332 3.59631361952
143.929495516 28.6411157750 3.59631361952
149.664879555 28.4995933850 3.59631361952
128.320165640 -3.07579985333 3.59631361952
128.320165640 -3.07579985333 2.09631361952
149.664879555 28.4995933850 2.09631361952
143.929495516 28.6411157750 2.09631361952
122.584781601 -2.93427746332 2.09631361952
116.849397563 -2.79275507331 2.09631361952
138.194111478 28.7826381650 2.09631361952
132.458727439 28.9241605550 2.09631361952
111.114013524 -2.65123268330 2.09631361952
105.378629486 -2.50971029329 2.09631361952
126.723343401 29.0656829450 2.09631361952
120.987959362 29.2072053351 2.09631361952
99.6432454472 -2.36818790329 2.09631361952
99.6432454472 -2.36818790329 0.596313619525
120.987959362 29.2072053351 0.596313619525
126.723343401 29.0656829450 0.596313619525
105.378629486 -2.50971029329 0.596313619525
111.114013524 -2.65123268330 0.596313619525
132.458727439 28.9241605550 0.596313619525
138.194111478 28.7826381650 0.596313619525
116.849397563 -2.79275507331 0.596313619525
122.584781601 -2.93427746332 0.596313619525
143.929495516 28.6411157750 0.596313619525
149.664879555 28.4995933850 0.596313619525
128.320165640 -3.07579985333 0.596313619525
128.320165640 -3.07579985333 -0.903686380475
149.664879555 28.4995933850 -0.903686380475
143.929495516 28.6411157750 -0.903686380475
122.584781601 -2.93427746332 -0.903686380475
116.849397563 -2.79275507331 -0.903686380475
138.194111478 28.7826381650 -0.903686380475
132.458727439 28.9241605550 -0.903686380475
111.114013524 -2.65123268330 -0.903686380475
105.378629486 -2.50971029329 -0.903686380475
126.723343401 29.0656829450 -0.903686380475
120.987959362 29.2072053351 -0.903686380475
99.6432454472 -2.36818790329 -0.903686380475
99.6432454472 -2.36818790329 -2.40368638048
120.987959362 29.2072053351 -2.40368638048
126.723343401 29.0656829450 -2.40368638048
105.378629486 -2.50971029329 -2.40368638048
111.114013524 -2.65123268330 -2.40368638048
132.458727439 28.9241605550 -2.40368638048
138.194111478 28.7826381650 -2.40368638048
116.849397563 -2.79275507331 -2.40368638048
122.584781601 -2.93427746332 -2.40368638048
143.929495516 28.6411157750 -2.40368638048
149.664879555 28.4995933850 -2.40368638048
128.320165640 -3.07579985333 -2.40368638048
128.320165640 -3.07579985333 -3.90368638048
149.664879555 28.4995933850 -3.90368638048
143.929495516 28.6411157750 -3.90368638048
122.584781601 -2.93427746332 -3.90368638048
116.849397563 -2.79275507331 -3.90368638048
138.194111478 28.7826381650 -3.90368638048
132.458727439 28.9241605550 -3.90368638048
111.114013524 -2.65123268330 -3.90368638048
105.378629486 -2.50971029329 -3.90368638048
126.723343401 29.0656829450 -3.90368638048
120.987959362 29.2072053351 -3.90368638048
99.6432454472 -2.36818790329 -3.90368638048
99.6432454472 -2.36818790329 -5.40368638048
120.987959362 29.2072053351 -5.40368638048
126.723343401 29.0656829450 -5.40368638048
105.378629486 -2.50971029329 -5.40368638048
111.114013524 -2.65123268330 -5.40368638048
132.458727439 28.9241605550 -5.40368638048
138.194111478 28.7826381650 -5.40368638048
116.849397563 -2.79275507331 -5.40368638048
122.584781601 -2.93427746332 -5.40368638048
143.929495516 28.6411157750 -5.40368638048
149.664879555 28.4995933850 -5.40368638048
128.320165640 -3.07579985333 -5.40368638048
128.320165640 -3.07579985333 -6.90368638048
149.664879555 28.4995933850 -6.90368638048
143.929495516 28.6411157750 -6.90368638048
122.584781601 -2.93427746332 -6.90368638048
116.849397563 -2.79275507331 -6.90368638048
138.194111478 28.7826381650 -6.90368638048
132.458727439 28.9241605550 -6.90368638048
111.114013524 -2.65123268330 -6.90368638048
105.378629486 -2.50971029329 -6.90368638048
126.723343401 29.0656829450 -6.90368638048
120.987959362 29.2072053351 -6.90368638048
99.6432454472 -2.36818790329 -6.90368638048
99.6432454472 -2.36818790329 -8.40368638048
120.987959362 29.2072053351 -8.40368638048
126.723343401 29.0656829450 -8.40368638048
105.378629486 -2.50971029329 -8.40368638048
111.114013524 -2.65123268330 -8.40368638048
132.458727439 28.9241605550 -8.40368638048
138.194111478 28.7826381650 -8.40368638048
116.849397563 -2.79275507331 -8.40368638048
122.584781601 -2.93427746332 -8.40368638048
143.929495516 28.6411157750 -8.40368638048
149.664879555 28.4995933850 -8.40368638048
128.320165640 -3.07579985333 -8.40368638048
128.320165640 -3.07579985333 -9.90368638048
149.664879555 28.4995933850 -9.90368638048
143.929495516 28.6411157750 -9.90368638048
122.584781601 -2.93427746332 -9.90368638048
116.849397563 -2.79275507331 -9.90368638048
138.194111478 28.7826381650 -9.90368638048
132.458727439 28.9241605550 -9.90368638048
111.114013524 -2.65123268330 -9.90368638048
105.378629486 -2.50971029329 -9.90368638048
126.723343401 29.0656829450 -9.90368638048
120.987959362 29.2072053351 -9.90368638048
99.6432454472 -2.36818790329 -9.90368638048
99.6432454472 -2.36818790329 -11.4036863805
120.987959362 29.2072053351 -11.4036863805
126.723343401 29.0656829450 -11.4036863805
105.378629486 -2.50971029329 -11.4036863805
111.114013524 -2.65123268330 -11.4036863805
132.458727439 28.9241605550 -11.4036863805
138.194111478 28.7826381650 -11.4036863805
116.849397563 -2.79275507331 -11.4036863805
122.584781601 -2.93427746332 -11.4036863805
143.929495516 28.6411157750 -11.4036863805
149.664879555 28.4995933850 -11.4036863805
128.320165640 -3.07579985333 -11.4036863805
128.320165640 -3.07579985333 -12.9036863805
149.664879555 28.4995933850 -12.9036863805
143.929495516 28.6411157750 -12.9036863805
122.584781601 -2.93427746332 -12.9036863805
116.849397563 -2.79275507331 -12.9036863805
138.194111478 28.7826381650 -12.9036863805
132.458727439 28.9241605550 -12.9036863805
111.114013524 -2.65123268330 -12.9036863805
105.378629486 -2.50971029329 -12.9036863805
126.723343401 29.0656829450 -12.9036863805
120.987959362 29.2072053351 -12.9036863805
99.6432454472 -2.36818790329 -12.9036863805
99.6432454472 -2.36818790329 -14.4036863805
120.987959362 29.2072053351 -14.4036863805
126.723343401 29.0656829450 -14.4036863805
105.378629486 -2.50971029329 -14.4036863805
111.114013524 -2.65123268330 -14.4036863805
132.458727439 28.9241605550 -14.4036863805
138.194111478 28.7826381650 -14.4036863805
116.849397563 -2.79275507331 -14.4036863805
122.584781601 -2.93427746332 -14.4036863805
143.929495516 28.6411157750 -14.4036863805
149.664879555 28.4995933850 -14.4036863805
128.320165640 -3.07579985333 -14.4036863805
128.320165640 -3.07579985333 -15.9036863805
149.664879555 28.4995933850 -15.9036863805
143.929495516 28.6411157750 -15.9036863805
122.584781601 -2.93427746332 -15.9036863805
116.849397563 -2.79275507331 -15.9036863805
138.194111478 28.7826381650 -15.9036863805
132.458727439 28.9241605550 -15.9036863805
111.114013524 -2.65123268330 -15.9036863805
105.378629486 -2.50971029329 -15.9036863805
126.723343401 29.0656829450 -15.9036863805
120.987959362 29.2072053351 -15.9036863805
99.6432454472 -2.36818790329 -15.9036863805
99.6432454472 -2.36818790329 -17.4036863805
120.987959362 29.2072053351 -17.4036863805
126.723343401 29.0656829450 -17.4036863805
105.378629486 -2.50971029329 -17.4036863805
111.114013524 -2.65123268330 -17.4036863805
132.458727439 28.9241605550 -17.4036863805
138.194111478 28.7826381650 -17.4036863805
116.849397563 -2.79275507331 -17.4036863805
122.584781601 -2.93427746332 -17.4036863805
143.929495516 28.6411157750 -17.4036863805
149.664879555 28.4995933850 -17.4036863805
128.320165640 -3.07579985333 -17.4036863805
128.320165640 -3.07579985333 -18.9036863805
149.664879555 28.4995933850 -18.9036863805
143.929495516 28.6411157750 -18.9036863805
122.584781601 -2.93427746332 -18.9036863805
116.849397563 -2.79275507331 -18.9036863805
138.194111478 28.7826381650 -18.9036863805
132.458727439 28.9241605550 -18.9036863805
111.114013524 -2.65123268330 -18.9036863805
105.378629486 -2.50971029329 -18.9036863805
126.723343401 29.0656829450 -18.9036863805
120.987959362 29.2072053351 -18.9036863805
99.6432454472 -2.36818790329 -18.9036863805
99.6432454472 -2.36818790329 -20.4036863805
120.987959362 29.2072053351 -20.4036863805
126.723343401 29.0656829450 -20.4036863805
105.378629486 -2.50971029329 -20.4036863805
111.114013524 -2.65123268330 -20.4036863805
132.458727439 28.9241605550 -20.4036863805
138.194111478 28.7826381650 -20.4036863805
116.849397563 -2.79275507331 -20.4036863805
122.584781601 -2.93427746332 -20.4036863805
143.929495516 28.6411157750 -20.4036863805
149.664879555 28.4995933850 -20.4036863805
128.320165640 -3.07579985333 -20.4036863805
128.320165640 -3.07579985333 -21.9036863805
149.664879555 28.4995933850 -21.9036863805
143.929495516 28.6411157750 -21.9036863805
122.584781601 -2.93427746332 -21.9036863805
116.849397563 -2.79275507331 -21.9036863805
138.194111478 28.7826381650 -21.9036863805
132.458727439 28.9241605550 -21.9036863805
111.114013524 -2.65123268330 -21.9036863805
105.378629486 -2.50971029329 -21.9036863805
126.723343401 29.0656829450 -21.9036863805
120.987959362 29.2072053351 -21.9036863805
99.6432454472 -2.36818790329 -21.9036863805
99.6432454472 -2.36818790329 -23.4036863805
120.987959362 29.2072053351 -23.4036863805
126.723343401 29.0656829450 -23.4036863805
105.378629486 -2.50971029329 -23.4036863805
111.114013524 -2.65123268330 -23.4036863805
132.458727439 28.9241605550 -23.4036863805
138.194111478 28.7826381650 -23.4036863805
116.849397563 -2.79275507331 -23.4036863805
122.584781601 -2.93427746332 -23.4036863805
143.929495516 28.6411157750 -23.4036863805
149.664879555 28.4995933850 -23.4036863805
128.320165640 -3.07579985333 -23.4036863805
128.320165640 -3.07579985333 -24.9036863805
149.664879555 28.4995933850 -24.9036863805
143.929495516 28.6411157750 -24.9036863805
122.584781601 -2.93427746332 -24.9036863805
116.849397563 -2.79275507331 -24.9036863805
138.194111478 28.7826381650 -24.9036863805
132.458727439 28.9241605550 -24.9036863805
111.114013524 -2.65123268330 -24.9036863805
105.378629486 -2.50971029329 -24.9036863805
126.723343401 29.0656829450 -24.9036863805
120.987959362 29.2072053351 -24.9036863805
99.6432454472 -2.36818790329 -24.9036863805
99.6432454472 -2.36818790329 -26.4036863805
120.987959362 29.2072053351 -26.4036863805
126.723343401 29.0656829450 -26.4036863805
105.378629486 -2.50971029329 -26.4036863805
111.114013524 -2.65123268330 -26.4036863805
132.458727439 28.9241605550 -26.4036863805
138.194111478 28.7826381650 -26.4036863805
116.849397563 -2.79275507331 -26.4036863805
122.584781601 -2.93427746332 -26.4036863805
143.929495516 28.6411157750 -26.4036863805
149.664879555 28.4995933850 -26.4036863805
128.320165640 -3.07579985333 -26.4036863805
128.320165640 -3.07579985333 -27.9036863805
149.664879555 28.4995933850 -27.9036863805
143.929495516 28.6411157750 -27.9036863805
122.584781601 -2.93427746332 -27.9036863805
116.849397563 -2.79275507331 -27.9036863805
138.194111478 28.7826381650 -27.9036863805
132.458727439 28.9241605550 -27.9036863805
111.114013524 -2.65123268330 -27.9036863805
105.378629486 -2.50971029329 -27.9036863805
126.723343401 29.0656829450 -27.9036863805
120.987959362 29.2072053351 -27.9036863805
99.6432454472 -2.36818790329 -27.9036863805
99.6432454472 -2.36818790329 -29.4036863805
120.987959362 29.2072053351 -29.4036863805
126.723343401 29.0656829450 -29.4036863805
105.378629486 -2.50971029329 -29.4036863805
111.114013524 -2.65123268330 -29.4036863805
132.458727439 28.9241605550 -29.4036863805
138.194111478 28.7826381650 -29.4036863805
116.849397563 -2.79275507331 -29.4036863805
122.584781601 -2.93427746332 -29.4036863805
143.929495516 28.6411157750 -29.4036863805
149.664879555 28.4995933850 -29.4036863805
128.320165640 -3.07579985333 -29.4036863805
128.320165640 -3.07579985333 -30.9036863805
149.664879555 28.4995933850 -30.9036863805
143.929495516 28.6411157750 -30.9036863805
122.584781601 -2.93427746332 -30.9036863805
116.849397563 -2.79275507331 -30.9036863805
138.194111478 28.7826381650 -30.9036863805
132.458727439 28.9241605550 -30.9036863805
111.114013524 -2.65123268330 -30.9036863805
105.378629486 -2.50971029329 -30.9036863805
126.723343401 29.0656829450 -30.9036863805
120.987959362 29.2072053351 -30.9036863805
99.6432454472 -2.36818790329 -30.9036863805
99.6432454472 -2.36818790329 -32.4036863805
120.987959362 29.2072053351 -32.4036863805
126.723343401 29.0656829450 -32.4036863805
105.378629486 -2.50971029329 -32.4036863805
111.114013524 -2.65123268330 -32.4036863805
132.458727439 28.9241605550 -32.4036863805
138.194111478 28.7826381650 -32.4036863805
116.849397563 -2.79275507331 -32.4036863805
122.584781601 -2.93427746332 -32.4036863805
143.929495516 28.6411157750 -32.4036863805
149.664879555 28.4995933850 -32.4036863805
128.320165640 -3.07579985333 -32.4036863805
128.320165640 -3.07579985333 -33.9036863805
149.664879555 28.4995933850 -33.9036863805
143.929495516 28.6411157750 -33.9036863805
122.584781601 -2.93427746332 -33.9036863805
116.849397563 -2.79275507331 -33.9036863805
138.194111478 28.7826381650 -33.9036863805
132.458727439 28.9241605550 -33.9036863805
111.114013524 -2.65123268330 -33.9036863805
105.378629486 -2.50971029329 -33.9036863805
126.723343401 29.0656829450 -33.9036863805
120.987959362 29.2072053351 -33.9036863805
99.6432454472 -2.36818790329 -33.9036863805
99.6432454472 -2.36818790329 -35.4036863805
120.987959362 29.2072053351 -35.4036863805
126.723343401 29.0656829450 -35.4036863805
105.378629486 -2.50971029329 -35.4036863805
111.114013524 -2.65123268330 -35.4036863805
132.458727439 28.9241605550 -35.4036863805
138.194111478 28.7826381650 -35.4036863805
116.849397563 -2.79275507331 -35.4036863805
122.584781601 -2.93427746332 -35.4036863805
143.929495516 28.6411157750 -35.4036863805
149.664879555 28.4995933850 -35.4036863805
128.320165640 -3.07579985333 -35.4036863805
128.320165640 -3.07579985333 -36.9036863805
149.664879555 28.4995933850 -36.9036863805
143.929495516 28.6411157750 -36.9036863805
122.584781601 -2.93427746332 -36.9036863805
116.849397563 -2.79275507331 -36.9036863805
138.194111478 28.7826381650 -36.9036863805
132.458727439 28.9241605550 -36.9036863805
111.114013524 -2.65123268330 -36.9036863805
105.378629486 -2.50971029329 -36.9036863805
126.723343401 29.0656829450 -36.9036863805
120.987959362 29.2072053351 -36.9036863805
99.6432454472 -2.36818790329 -36.9036863805
99.6432454472 -2.36818790329 -38.4036863805
120.987959362 29.2072053351 -38.4036863805
126.723343401 29.0656829450 -38.4036863805
105.378629486 -2.50971029329 -38.4036863805
111.114013524 -2.65123268330 -38.4036863805
132.458727439 28.9241605550 -38.4036863805
138.194111478 28.7826381650 -38.4036863805
116.849397563 -2.79275507331 -38.4036863805
122.584781601 -2.93427746332 -38.4036863805
143.929495516 28.6411157750 -38.4036863805
149.664879555 28.4995933850 -38.4036863805
128.320165640 -3.07579985333 -38.4036863805
128.320165640 -3.07579985333 -39.9036863805
149.664879555 28.4995933850 -39.9036863805
143.929495516 28.6411157750 -39.9036863805
122.584781601 -2.93427746332 -39.9036863805
116.849397563 -2.79275507331 -39.9036863805
138.194111478 28.7826381650 -39.9036863805
132.458727439 28.9241605550 -39.9036863805
111.114013524 -2.65123268330 -39.9036863805
105.378629486 -2.50971029329 -39.9036863805
126.723343401 29.0656829450 -39.9036863805
120.987959362 29.2072053351 -39.9036863805
