0 0 20

-243.19 -77.97 20.82
-243.19 -77.97 0.82
-243.19 -77.97 20.82
-247.93 -99.48 20.82

-247.93 -99.48 -2.54
-247.07 -97.68 -2.54
-247.46 -97.14 -2.54
-247.07 -97.68 -2.54
-230.3 -95.49 -2.54
-230.17 -95.07 -2.54
-230.3 -95.49 -2.54
-228.77 -96.79 -2.54

-226.79 -98.48 -5.54
-230.3 -95.49 -5.54
-230.17 -95.07 -5.54
-230.3 -95.49 -5.54
-247.07 -97.68 -5.54
-247.46 -97.14 -5.54
-247.07 -97.68 -5.54
-248.87 -101.46 -5.54

-250.21 -104.26 -8.54
-247.07 -97.68 -8.54
-247.46 -97.14 -8.54
-247.07 -97.68 -8.54
-230.3 -95.49 -8.54
-230.17 -95.07 -8.54
-230.3 -95.49 -8.54
-224.83 -100.14 -8.54

-222.6 -102.04 -11.54
-230.3 -95.49 -11.54
-230.17 -95.07 -11.54
-230.3 -95.49 -11.54
-247.07 -97.68 -11.54
-247.46 -97.14 -11.54
-247.07 -97.68 -11.54
-251.12 -106.16 -11.54

-251.7 -107.37 -14.54
-247.07 -97.68 -14.54
-247.46 -97.14 -14.54
-247.07 -97.68 -14.54
-230.3 -95.49 -14.54
-230.17 -95.07 -14.54
-230.3 -95.49 -14.54
-220.56 -103.77 -14.54

-218.84 -105.23 -17.54
-230.3 -95.49 -17.54
-230.17 -95.07 -17.54
-230.3 -95.49 -17.54
-247.07 -97.68 -17.54
-247.46 -97.14 -17.54
-247.07 -97.68 -17.54
-252.21 -108.44 -17.54

-252.74 -109.54 -20.54
-247.07 -97.68 -20.54
-247.46 -97.14 -20.54
-247.07 -97.68 -20.54
-230.3 -95.49 -20.54
-230.17 -95.07 -20.54
-230.3 -95.49 -20.54
-217.81 -106.11 -20.54

-216.99 -106.81 -23.54
-230.3 -95.49 -23.54
-230.17 -95.07 -23.54
-230.3 -95.49 -23.54
-247.07 -97.68 -23.54
-247.46 -97.14 -23.54
-247.07 -97.68 -23.54
-253.65 -111.46 -23.54

-254.1 -112.39 -26.54
-247.07 -97.68 -26.54
-247.46 -97.14 -26.54
-247.07 -97.68 -26.54
-230.3 -95.49 -26.54
-230.17 -95.07 -26.54
-230.3 -95.49 -26.54
-216.45 -107.27 -26.54

-216.29 -107.4 -29.54
-230.3 -95.49 -29.54
-230.17 -95.07 -29.54
-230.3 -95.49 -29.54
-247.07 -97.68 -29.54
-247.46 -97.14 -29.54
-247.07 -97.68 -29.54
-254.01 -112.21 -29.54

-254.08 -112.36 -32.54
-247.07 -97.68 -32.54
-247.46 -97.14 -32.54
-247.07 -97.68 -32.54
-230.3 -95.49 -32.54
-230.17 -95.07 -32.54
-230.3 -95.49 -32.54
-215.98 -107.67 -32.54

-215.92 -107.72 -35.54
-230.3 -95.49 -35.54
-230.17 -95.07 -35.54
-230.3 -95.49 -35.54
-247.07 -97.68 -35.54
-247.46 -97.14 -35.54
-247.07 -97.68 -35.54
-253.9 -111.99 -35.54

-253.72 -111.6 -38.54
-247.07 -97.68 -38.54
-247.46 -97.14 -38.54
-247.07 -97.68 -38.54
-230.3 -95.49 -38.54
-230.17 -95.07 -38.54
-230.3 -95.49 -38.54
-215.8 -107.82 -38.54

-215.97 -107.68 -41.54
-230.3 -95.49 -41.54
-230.17 -95.07 -41.54
-230.3 -95.49 -41.54
-247.07 -97.68 -41.54
-247.46 -97.14 -41.54
-247.07 -97.68 -41.54
-253.5 -111.15 -41.54

-253.19 -110.49 -44.54
-247.07 -97.68 -44.54
-247.46 -97.14 -44.54
-247.07 -97.68 -44.54
-230.3 -95.49 -44.54
-230.17 -95.07 -44.54
-230.3 -95.49 -44.54
-216.43 -107.29 -44.54

-216.43 -107.29 -47.54
-230.3 -95.49 -47.54
-230.17 -95.07 -47.54
-230.3 -95.49 -47.54
-247.07 -97.68 -47.54
-247.46 -97.14 -47.54
-247.07 -97.68 -47.54
-253.19 -110.49 -47.54

-253.19 -110.49 -50.54
-247.07 -97.68 -50.54
-247.46 -97.14 -50.54
-247.07 -97.68 -50.54
-230.3 -95.49 -50.54
-230.17 -95.07 -50.54
-230.3 -95.49 -50.54
-216.43 -107.29 -50.54

-216.43 -107.29 -53.54
-230.3 -95.49 -53.54
-230.17 -95.07 -53.54
-230.3 -95.49 -53.54
-247.07 -97.68 -53.54
-247.46 -97.14 -53.54
-247.07 -97.68 -53.54
-253.19 -110.49 -53.54

-253.19 -110.49 -56.54
-247.07 -97.68 -56.54
-247.46 -97.14 -56.54
-247.07 -97.68 -56.54
-230.3 -95.49 -56.54
-230.17 -95.07 -56.54
-230.3 -95.49 -56.54
-216.43 -107.29 -56.54
-216.43 -107.29 20.82

-243.19 -77.97 20.82
-257.61 -59.14 20.82

-257.61 -59.14 -0.98
-256.09 -60.44 -0.98
-256.22 -60.86 -0.98
-256.09 -60.44 -0.98
-239.31 -58.25 -0.98
-238.92 -58.79 -0.98
-239.31 -58.25 -0.98
-238.45 -56.45 -0.98

-237.97 -55.44 -3.98
-239.31 -58.25 -3.98
-238.92 -58.79 -3.98
-239.31 -58.25 -3.98
-256.09 -60.44 -3.98
-256.22 -60.86 -3.98
-256.09 -60.44 -3.98
-257.61 -59.14 -3.98

-262.13 -55.3 -6.98
-256.09 -60.44 -6.98
-256.22 -60.86 -6.98
-256.09 -60.44 -6.98
-239.31 -58.25 -6.98
-238.92 -58.79 -6.98
-239.31 -58.25 -6.98
-236.19 -51.72 -6.98

-235.22 -49.69 -9.98
-239.31 -58.25 -9.98
-238.92 -58.79 -9.98
-239.31 -58.25 -9.98
-256.09 -60.44 -9.98
-256.22 -60.86 -9.98
-256.09 -60.44 -9.98
-264.8 -53.02 -9.98

-266.94 -51.2 -12.98
-256.09 -60.44 -12.98
-256.22 -60.86 -12.98
-256.09 -60.44 -12.98
-239.31 -58.25 -12.98
-238.92 -58.79 -12.98
-239.31 -58.25 -12.98
-234.18 -47.5 -12.98

-233.48 -46.04 -15.98
-239.31 -58.25 -15.98
-238.92 -58.79 -15.98
-239.31 -58.25 -15.98
-256.09 -60.44 -15.98
-256.22 -60.86 -15.98
-256.09 -60.44 -15.98
-268.39 -49.98 -15.98

-269.46 -49.06 -18.98
-256.09 -60.44 -18.98
-256.22 -60.86 -18.98
-256.09 -60.44 -18.98
-239.31 -58.25 -18.98
-238.92 -58.79 -18.98
-239.31 -58.25 -18.98
-232.96 -44.96 -18.98

-232.72 -44.45 -21.98
-239.31 -58.25 -21.98
-238.92 -58.79 -21.98
-239.31 -58.25 -21.98
-256.09 -60.44 -21.98
-256.22 -60.86 -21.98
-256.09 -60.44 -21.98
-270.19 -48.44 -21.98

-270.87 -47.87 -24.98
-256.09 -60.44 -24.98
-256.22 -60.86 -24.98
-256.09 -60.44 -24.98
-239.31 -58.25 -24.98
-238.92 -58.79 -24.98
-239.31 -58.25 -24.98
-232.42 -43.82 -24.98

-232.19 -43.33 -27.98
-239.31 -58.25 -27.98
-238.92 -58.79 -27.98
-239.31 -58.25 -27.98
-256.09 -60.44 -27.98
-256.22 -60.86 -27.98
-256.09 -60.44 -27.98
-271.1 -47.67 -27.98

-271.83 -47.05 -30.98
-256.09 -60.44 -30.98
-256.22 -60.86 -30.98
-256.09 -60.44 -30.98
-239.31 -58.25 -30.98
-238.92 -58.79 -30.98
-239.31 -58.25 -30.98
-232.1 -43.16 -30.98

-232.02 -42.99 -33.98
-239.31 -58.25 -33.98
-238.92 -58.79 -33.98
-239.31 -58.25 -33.98
-256.09 -60.44 -33.98
-256.22 -60.86 -33.98
-256.09 -60.44 -33.98
-272.19 -46.74 -33.98

-272.36 -46.6 -36.98
-256.09 -60.44 -36.98
-256.22 -60.86 -36.98
-256.09 -60.44 -36.98
-239.31 -58.25 -36.98
-238.92 -58.79 -36.98
-239.31 -58.25 -36.98
-231.89 -42.72 -36.98

-231.75 -42.41 -39.98
-239.31 -58.25 -39.98
-238.92 -58.79 -39.98
-239.31 -58.25 -39.98
-256.09 -60.44 -39.98
-256.22 -60.86 -39.98
-256.09 -60.44 -39.98
-272.54 -46.44 -39.98

-272.88 -46.15 -42.98
-256.09 -60.44 -42.98
-256.22 -60.86 -42.98
-256.09 -60.44 -42.98
-239.31 -58.25 -42.98
-238.92 -58.79 -42.98
-239.31 -58.25 -42.98
-231.85 -42.63 -42.98

-231.85 -42.62 -45.98
-239.31 -58.25 -45.98
-238.92 -58.79 -45.98
-239.31 -58.25 -45.98
-256.09 -60.44 -45.98
-256.22 -60.86 -45.98
-256.09 -60.44 -45.98
-273.79 -45.38 -45.98

-273.79 -45.38 -48.98
-256.09 -60.44 -48.98
-256.22 -60.86 -48.98
-256.09 -60.44 -48.98
-239.31 -58.25 -48.98
-238.92 -58.79 -48.98
-239.31 -58.25 -48.98
-231.85 -42.62 -48.98

-231.85 -42.62 -51.98
-239.31 -58.25 -51.98
-238.92 -58.79 -51.98
-239.31 -58.25 -51.98
-256.09 -60.44 -51.98
-256.22 -60.86 -51.98
-256.09 -60.44 -51.98
-273.79 -45.38 -51.98

-273.79 -45.38 -54.98
-256.09 -60.44 -54.98
-256.22 -60.86 -54.98
-256.09 -60.44 -54.98
-239.31 -58.25 -54.98
-238.92 -58.79 -54.98
-239.31 -58.25 -54.98
-231.85 -42.62 -54.98
-231.85 -42.62 20.82

-243.19 -77.97 20.82
-233.66 -90.93 20.82

-233.66 -90.93 0.82
-240.91 -63.46 0.82
-246.82 -64.23 0.82
-239.57 -91.7 0.82
-245.47 -92.47 0.82
-252.72 -65.0 0.82

-252.72 -65.0 -2.18
-245.47 -92.47 -2.18
-239.57 -91.7 -2.18
-246.82 -64.23 -2.18
-240.91 -63.46 -2.18
-233.66 -90.93 -2.18

-233.66 -90.93 -5.18
-240.91 -63.46 -5.18
-246.82 -64.23 -5.18
-239.57 -91.7 -5.18
-245.47 -92.47 -5.18
-252.72 -65.0 -5.18

-252.72 -65.0 -8.18
-245.47 -92.47 -8.18
-239.57 -91.7 -8.18
-246.82 -64.23 -8.18
-240.91 -63.46 -8.18
-233.66 -90.93 -8.18

-233.66 -90.93 -11.18
-240.91 -63.46 -11.18
-246.82 -64.23 -11.18
-239.57 -91.7 -11.18
-245.47 -92.47 -11.18
-252.72 -65.0 -11.18

-252.72 -65.0 -14.18
-245.47 -92.47 -14.18
-239.57 -91.7 -14.18
-246.82 -64.23 -14.18
-240.91 -63.46 -14.18
-233.66 -90.93 -14.18

-233.66 -90.93 -17.18
-240.91 -63.46 -17.18
-246.82 -64.23 -17.18
-239.57 -91.7 -17.18
-245.47 -92.47 -17.18
-252.72 -65.0 -17.18

-252.72 -65.0 -20.18
-245.47 -92.47 -20.18
-239.57 -91.7 -20.18
-246.82 -64.23 -20.18
-240.91 -63.46 -20.18
-233.66 -90.93 -20.18
-233.66 -90.93 20.82
