0 0 20

-223.74 7.08 10.05
-223.74 7.08 -9.95
-223.74 7.08 10.05
-229.7 -13.23 10.05

-229.7 -13.23 -12.5
-228.7 -11.49 -12.5
-228.9 -11.26 -12.5
-228.7 -11.49 -12.5
-205.25 -3.12 -12.5
-205.26 -2.9 -12.5
-205.25 -3.12 -12.5
-203.32 -3.64 -12.5

-194.12 -6.14 -15.5
-205.25 -3.12 -15.5
-205.26 -2.9 -15.5
-205.25 -3.12 -15.5
-228.7 -11.49 -15.5
-228.9 -11.26 -15.5
-228.7 -11.49 -15.5
-231.57 -16.46 -15.5

-233.24 -19.35 -18.5
-228.7 -11.49 -18.5
-228.9 -11.26 -18.5
-228.7 -11.49 -18.5
-205.25 -3.12 -18.5
-205.26 -2.9 -18.5
-205.25 -3.12 -18.5
-190.41 -7.15 -18.5

-187.27 -8.0 -21.5
-205.25 -3.12 -21.5
-205.26 -2.9 -21.5
-205.25 -3.12 -21.5
-228.7 -11.49 -21.5
-228.9 -11.26 -21.5
-228.7 -11.49 -21.5
-234.78 -22.02 -21.5

-235.48 -23.22 -24.5
-228.7 -11.49 -24.5
-228.9 -11.26 -24.5
-228.7 -11.49 -24.5
-205.25 -3.12 -24.5
-205.26 -2.9 -24.5
-205.25 -3.12 -24.5
-185.26 -8.54 -24.5

-184.32 -8.8 -27.5
-205.25 -3.12 -27.5
-205.26 -2.9 -27.5
-205.25 -3.12 -27.5
-228.7 -11.49 -27.5
-228.9 -11.26 -27.5
-228.7 -11.49 -27.5
-235.99 -24.1 -27.5

-236.06 -24.22 -30.5
-228.7 -11.49 -30.5
-228.9 -11.26 -30.5
-228.7 -11.49 -30.5
-205.25 -3.12 -30.5
-205.26 -2.9 -30.5
-205.25 -3.12 -30.5
-183.62 -8.99 -30.5

-183.56 -9.01 -33.5
-205.25 -3.12 -33.5
-205.26 -2.9 -33.5
-205.25 -3.12 -33.5
-228.7 -11.49 -33.5
-228.9 -11.26 -33.5
-228.7 -11.49 -33.5
-235.84 -23.85 -33.5

-235.84 -23.85 -36.5
-228.7 -11.49 -36.5
-228.9 -11.26 -36.5
-228.7 -11.49 -36.5
-205.25 -3.12 -36.5
-205.26 -2.9 -36.5
-205.25 -3.12 -36.5
-183.56 -9.01 -36.5

-183.56 -9.01 -39.5
-205.25 -3.12 -39.5
-205.26 -2.9 -39.5
-205.25 -3.12 -39.5
-228.7 -11.49 -39.5
-228.9 -11.26 -39.5
-228.7 -11.49 -39.5
-235.84 -23.85 -39.5

-235.84 -23.85 -42.5
-228.7 -11.49 -42.5
-228.9 -11.26 -42.5
-228.7 -11.49 -42.5
-205.25 -3.12 -42.5
-205.26 -2.9 -42.5
-205.25 -3.12 -42.5
-183.56 -9.01 -42.5

-183.56 -9.01 -45.5
-205.25 -3.12 -45.5
-205.26 -2.9 -45.5
-205.25 -3.12 -45.5
-228.7 -11.49 -45.5
-228.9 -11.26 -45.5
-228.7 -11.49 -45.5
-235.84 -23.85 -45.5
-235.84 -23.85 10.05

-223.74 7.08 10.05
-244.16 17.81 10.05

-244.16 17.81 -13.82
-242.23 17.28 -13.82
-242.22 17.06 -13.82
-242.23 17.28 -13.82
-218.78 25.66 -13.82
-218.58 25.42 -13.82
-218.78 25.66 -13.82
-217.77 27.39 -13.82

-215.37 31.54 -16.82
-218.78 25.66 -16.82
-218.58 25.42 -16.82
-218.78 25.66 -16.82
-242.23 17.28 -16.82
-242.22 17.06 -16.82
-242.23 17.28 -16.82
-250.06 19.41 -16.82

-254.73 20.68 -19.82
-242.23 17.28 -19.82
-242.22 17.06 -19.82
-242.23 17.28 -19.82
-218.78 25.66 -19.82
-218.58 25.42 -19.82
-218.78 25.66 -19.82
-212.96 35.72 -19.82

-211.56 38.14 -22.82
-218.78 25.66 -22.82
-218.58 25.42 -22.82
-218.78 25.66 -22.82
-242.23 17.28 -22.82
-242.22 17.06 -22.82
-242.23 17.28 -22.82
-258.97 21.83 -22.82

-261.68 22.56 -25.82
-242.23 17.28 -25.82
-242.22 17.06 -25.82
-242.23 17.28 -25.82
-218.78 25.66 -25.82
-218.58 25.42 -25.82
-218.78 25.66 -25.82
-210.95 39.19 -25.82

-210.53 39.92 -28.82
-218.78 25.66 -28.82
-218.58 25.42 -28.82
-218.78 25.66 -28.82
-242.23 17.28 -28.82
-242.22 17.06 -28.82
-242.23 17.28 -28.82
-262.86 22.88 -28.82

-262.73 22.85 -31.82
-242.23 17.28 -31.82
-242.22 17.06 -31.82
-242.23 17.28 -31.82
-218.78 25.66 -31.82
-218.58 25.42 -31.82
-218.78 25.66 -31.82
-210.34 40.24 -31.82

-210.22 40.47 -34.82
-218.78 25.66 -34.82
-218.58 25.42 -34.82
-218.78 25.66 -34.82
-242.23 17.28 -34.82
-242.22 17.06 -34.82
-242.23 17.28 -34.82
-262.69 22.84 -34.82

-262.69 22.84 -37.82
-242.23 17.28 -37.82
-242.22 17.06 -37.82
-242.23 17.28 -37.82
-218.78 25.66 -37.82
-218.58 25.42 -37.82
-218.78 25.66 -37.82
-210.22 40.47 -37.82

-210.22 40.47 -40.82
-218.78 25.66 -40.82
-218.58 25.42 -40.82
-218.78 25.66 -40.82
-242.23 17.28 -40.82
-242.22 17.06 -40.82
-242.23 17.28 -40.82
-262.69 22.84 -40.82

-262.69 22.84 -43.82
-242.23 17.28 -43.82
-242.22 17.06 -43.82
-242.23 17.28 -43.82
-218.78 25.66 -43.82
-218.58 25.42 -43.82
-218.78 25.66 -43.82
-210.22 40.47 -43.82

-210.22 40.47 -46.82
-218.78 25.66 -46.82
-218.58 25.42 -46.82
-218.78 25.66 -46.82
-242.23 17.28 -46.82
-242.22 17.06 -46.82
-242.23 17.28 -46.82
-262.69 22.84 -46.82
-262.69 22.84 10.05

-223.74 7.08 10.05
-210.09 0.42 10.05

-210.09 0.42 -9.95
-220.04 19.94 -9.95
-228.71 16.84 -9.95
-218.76 -2.68 -9.95
-227.43 -5.78 -9.95
-237.38 13.75 -9.95

-237.38 13.75 -12.95
-227.43 -5.78 -12.95
-218.76 -2.68 -12.95
-228.71 16.84 -12.95
-220.04 19.94 -12.95
-210.09 0.42 -12.95

-210.09 0.42 -15.95
-220.04 19.94 -15.95
-228.71 16.84 -15.95
-218.76 -2.68 -15.95
-227.43 -5.78 -15.95
-237.38 13.75 -15.95

-237.38 13.75 -18.95
-227.43 -5.78 -18.95
-218.76 -2.68 -18.95
-228.71 16.84 -18.95
-220.04 19.94 -18.95
-210.09 0.42 -18.95

-210.09 0.42 -21.95
-220.04 19.94 -21.95
-228.71 16.84 -21.95
-218.76 -2.68 -21.95
-227.43 -5.78 -21.95
-237.38 13.75 -21.95

-237.38 13.75 -24.95
-227.43 -5.78 -24.95
-218.76 -2.68 -24.95
-228.71 16.84 -24.95
-220.04 19.94 -24.95
-210.09 0.42 -24.95
-210.09 0.42 10.05
