0 0 20

-205.82 -61.13 20.59
-205.82 -61.13 0.59
-205.82 -61.13 20.59
-225.92 -44.49 20.59

-225.92 -44.49 -0.55
-224.16 -45.44 -0.55
-224.21 -45.63 -0.55
-224.16 -45.44 -0.55
-202.21 -41.84 -0.55
-201.87 -42.25 -0.55
-202.21 -41.84 -0.55
-201.35 -40.03 -0.55

-199.0 -35.08 -3.55
-202.21 -41.84 -3.55
-201.87 -42.25 -3.55
-202.21 -41.84 -3.55
-224.16 -45.44 -3.55
-224.21 -45.63 -3.55
-224.16 -45.44 -3.55
-236.44 -38.76 -3.55

-244.83 -34.19 -6.55
-224.16 -45.44 -6.55
-224.21 -45.63 -6.55
-224.16 -45.44 -6.55
-202.21 -41.84 -6.55
-201.87 -42.25 -6.55
-202.21 -41.84 -6.55
-197.45 -31.81 -6.55

-196.07 -28.88 -9.55
-202.21 -41.84 -9.55
-201.87 -42.25 -9.55
-202.21 -41.84 -9.55
-224.16 -45.44 -9.55
-224.21 -45.63 -9.55
-224.16 -45.44 -9.55
-249.29 -31.76 -9.55

-251.4 -30.61 -12.55
-224.16 -45.44 -12.55
-224.21 -45.63 -12.55
-224.16 -45.44 -12.55
-202.21 -41.84 -12.55
-201.87 -42.25 -12.55
-202.21 -41.84 -12.55
-195.24 -27.13 -12.55

-194.85 -26.32 -15.55
-202.21 -41.84 -15.55
-201.87 -42.25 -15.55
-202.21 -41.84 -15.55
-224.16 -45.44 -15.55
-224.21 -45.63 -15.55
-224.16 -45.44 -15.55
-252.87 -29.81 -15.55

-252.67 -29.92 -18.55
-224.16 -45.44 -18.55
-224.21 -45.63 -18.55
-224.16 -45.44 -18.55
-202.21 -41.84 -18.55
-201.87 -42.25 -18.55
-202.21 -41.84 -18.55
-194.52 -25.62 -18.55

-194.13 -24.78 -21.55
-202.21 -41.84 -21.55
-201.87 -42.25 -21.55
-202.21 -41.84 -21.55
-224.16 -45.44 -21.55
-224.21 -45.63 -21.55
-224.16 -45.44 -21.55
-252.46 -30.03 -21.55

-251.4 -30.61 -24.55
-224.16 -45.44 -24.55
-224.21 -45.63 -24.55
-224.16 -45.44 -24.55
-202.21 -41.84 -24.55
-201.87 -42.25 -24.55
-202.21 -41.84 -24.55
-194.13 -24.8 -24.55

-194.17 -24.88 -27.55
-202.21 -41.84 -27.55
-201.87 -42.25 -27.55
-202.21 -41.84 -27.55
-224.16 -45.44 -27.55
-224.21 -45.63 -27.55
-224.16 -45.44 -27.55
-250.27 -31.22 -27.55

-249.78 -31.49 -30.55
-224.16 -45.44 -30.55
-224.21 -45.63 -30.55
-224.16 -45.44 -30.55
-202.21 -41.84 -30.55
-201.87 -42.25 -30.55
-202.21 -41.84 -30.55
-194.15 -24.84 -30.55

-194.15 -24.84 -33.55
-202.21 -41.84 -33.55
-201.87 -42.25 -33.55
-202.21 -41.84 -33.55
-224.16 -45.44 -33.55
-224.21 -45.63 -33.55
-224.16 -45.44 -33.55
-249.78 -31.49 -33.55

-249.78 -31.49 -36.55
-224.16 -45.44 -36.55
-224.21 -45.63 -36.55
-224.16 -45.44 -36.55
-202.21 -41.84 -36.55
-201.87 -42.25 -36.55
-202.21 -41.84 -36.55
-194.15 -24.84 -36.55

-194.15 -24.84 -39.55
-202.21 -41.84 -39.55
-201.87 -42.25 -39.55
-202.21 -41.84 -39.55
-224.16 -45.44 -39.55
-224.21 -45.63 -39.55
-224.16 -45.44 -39.55
-249.78 -31.49 -39.55

-249.78 -31.49 -42.55
-224.16 -45.44 -42.55
-224.21 -45.63 -42.55
-224.16 -45.44 -42.55
-202.21 -41.84 -42.55
-201.87 -42.25 -42.55
-202.21 -41.84 -42.55
-194.15 -24.84 -42.55
-194.15 -24.84 20.59

-205.82 -61.13 20.59
-210.29 -82.23 20.59

-210.29 -82.23 1.07
-209.43 -80.42 1.07
-209.77 -80.01 1.07
-209.43 -80.42 1.07
-187.48 -76.81 1.07
-187.43 -76.63 1.07
-187.48 -76.81 1.07
-185.72 -77.77 1.07

-178.43 -81.74 -1.93
-187.48 -76.81 -1.93
-187.43 -76.63 -1.93
-187.48 -76.81 -1.93
-209.43 -80.42 -1.93
-209.77 -80.01 -1.93
-209.43 -80.42 -1.93
-212.33 -86.53 -1.93

-213.64 -89.29 -4.93
-209.43 -80.42 -4.93
-209.77 -80.01 -4.93
-209.43 -80.42 -4.93
-187.48 -76.81 -4.93
-187.43 -76.63 -4.93
-187.48 -76.81 -4.93
-174.8 -83.72 -4.93

-171.9 -85.3 -7.93
-187.48 -76.81 -7.93
-187.43 -76.63 -7.93
-187.48 -76.81 -7.93
-209.43 -80.42 -7.93
-209.77 -80.01 -7.93
-209.43 -80.42 -7.93
-214.12 -90.32 -7.93

-214.56 -91.23 -10.93
-209.43 -80.42 -10.93
-209.77 -80.01 -10.93
-209.43 -80.42 -10.93
-187.48 -76.81 -10.93
-187.43 -76.63 -10.93
-187.48 -76.81 -10.93
-170.31 -86.16 -10.93

-168.95 -86.9 -13.93
-187.48 -76.81 -13.93
-187.43 -76.63 -13.93
-187.48 -76.81 -13.93
-209.43 -80.42 -13.93
-209.77 -80.01 -13.93
-209.43 -80.42 -13.93
-215.19 -92.56 -13.93

-215.67 -93.59 -16.93
-209.43 -80.42 -16.93
-209.77 -80.01 -16.93
-209.43 -80.42 -16.93
-187.48 -76.81 -16.93
-187.43 -76.63 -16.93
-187.48 -76.81 -16.93
-168.79 -86.99 -16.93

-169.23 -86.75 -19.93
-187.48 -76.81 -19.93
-187.43 -76.63 -19.93
-187.48 -76.81 -19.93
-209.43 -80.42 -19.93
-209.77 -80.01 -19.93
-209.43 -80.42 -19.93
-215.85 -93.96 -19.93

-215.97 -94.21 -22.93
-209.43 -80.42 -22.93
-209.77 -80.01 -22.93
-209.43 -80.42 -22.93
-187.48 -76.81 -22.93
-187.43 -76.63 -22.93
-187.48 -76.81 -22.93
-169.86 -86.41 -22.93

-171.16 -85.7 -25.93
-187.48 -76.81 -25.93
-187.43 -76.63 -25.93
-187.48 -76.81 -25.93
-209.43 -80.42 -25.93
-209.77 -80.01 -25.93
-209.43 -80.42 -25.93
-215.73 -93.71 -25.93

-215.6 -93.43 -28.93
-209.43 -80.42 -28.93
-209.77 -80.01 -28.93
-209.43 -80.42 -28.93
-187.48 -76.81 -28.93
-187.43 -76.63 -28.93
-187.48 -76.81 -28.93
-172.43 -85.0 -28.93

-172.43 -85.0 -31.93
-187.48 -76.81 -31.93
-187.43 -76.63 -31.93
-187.48 -76.81 -31.93
-209.43 -80.42 -31.93
-209.77 -80.01 -31.93
-209.43 -80.42 -31.93
-215.6 -93.43 -31.93

-215.6 -93.43 -34.93
-209.43 -80.42 -34.93
-209.77 -80.01 -34.93
-209.43 -80.42 -34.93
-187.48 -76.81 -34.93
-187.43 -76.63 -34.93
-187.48 -76.81 -34.93
-172.43 -85.0 -34.93

-172.43 -85.0 -37.93
-187.48 -76.81 -37.93
-187.43 -76.63 -37.93
-187.48 -76.81 -37.93
-209.43 -80.42 -37.93
-209.77 -80.01 -37.93
-209.43 -80.42 -37.93
-215.6 -93.43 -37.93

-215.6 -93.43 -40.93
-209.43 -80.42 -40.93
-209.77 -80.01 -40.93
-209.43 -80.42 -40.93
-187.48 -76.81 -40.93
-187.43 -76.63 -40.93
-187.48 -76.81 -40.93
-172.43 -85.0 -40.93
-172.43 -85.0 20.59

-205.82 -61.13 20.59
-203.64 -46.93 20.59

-203.64 -46.93 0.59
-191.23 -72.57 0.59
-199.62 -73.95 0.59
-212.02 -48.31 0.59
-220.41 -49.68 0.59
-208.0 -75.32 0.59

-208.0 -75.32 -2.41
-220.41 -49.68 -2.41
-212.02 -48.31 -2.41
-199.62 -73.95 -2.41
-191.23 -72.57 -2.41
-203.64 -46.93 -2.41

-203.64 -46.93 -5.41
-191.23 -72.57 -5.41
-199.62 -73.95 -5.41
-212.02 -48.31 -5.41
-220.41 -49.68 -5.41
-208.0 -75.32 -5.41

-208.0 -75.32 -8.41
-220.41 -49.68 -8.41
-212.02 -48.31 -8.41
-199.62 -73.95 -8.41
-191.23 -72.57 -8.41
-203.64 -46.93 -8.41

-203.64 -46.93 -11.41
-191.23 -72.57 -11.41
-199.62 -73.95 -11.41
-212.02 -48.31 -11.41
-220.41 -49.68 -11.41
-208.0 -75.32 -11.41

-208.0 -75.32 -14.41
-220.41 -49.68 -14.41
-212.02 -48.31 -14.41
-199.62 -73.95 -14.41
-191.23 -72.57 -14.41
-203.64 -46.93 -14.41

-203.64 -46.93 -17.41
-191.23 -72.57 -17.41
-199.62 -73.95 -17.41
-212.02 -48.31 -17.41
-220.41 -49.68 -17.41
-208.0 -75.32 -17.41

-208.0 -75.32 -20.41
-220.41 -49.68 -20.41
-212.02 -48.31 -20.41
-199.62 -73.95 -20.41
-191.23 -72.57 -20.41
-203.64 -46.93 -20.41
-203.64 -46.93 20.59
