98.8446609338 -48.4494540008 -5.02354003348
87.0240881216 -19.6915997998 -5.02354003348
87.2433023573 -19.4483339740 -5.02354003348
87.0240881216 -19.6915997998 -5.02354003348
56.1376266324 -18.9294667291 -5.02354003348
56.1360405852 -18.9268604073 -5.02354003348
56.1376266324 -18.9294667291 -5.02354003348
14.8567977419 -41.5667764814 -5.02354003348
14.8567977419 -41.5667764814 -6.52354003348
56.1376266324 -18.9294667291 -6.52354003348
56.1360405852 -18.9268604073 -6.52354003348
56.1376266324 -18.9294667291 -6.52354003348
87.0240881216 -19.6915997998 -6.52354003348
87.2433023573 -19.4483339740 -6.52354003348
87.0240881216 -19.6915997998 -6.52354003348
98.8446609338 -48.4494540008 -6.52354003348
98.8446609338 -48.4494540008 -8.02354003348
87.0240881216 -19.6915997998 -8.02354003348
87.2433023573 -19.4483339740 -8.02354003348
87.0240881216 -19.6915997998 -8.02354003348
56.1376266324 -18.9294667291 -8.02354003348
56.1360405852 -18.9268604073 -8.02354003348
56.1376266324 -18.9294667291 -8.02354003348
14.8567977419 -41.5667764814 -8.02354003348
14.8567977419 -41.5667764814 -9.52354003348
56.1376266324 -18.9294667291 -9.52354003348
56.1360405852 -18.9268604073 -9.52354003348
56.1376266324 -18.9294667291 -9.52354003348
87.0240881216 -19.6915997998 -9.52354003348
87.2433023573 -19.4483339740 -9.52354003348
87.0240881216 -19.6915997998 -9.52354003348
98.8446609338 -48.4494540008 -9.52354003348
98.8446609338 -48.4494540008 -11.0235400335
87.0240881216 -19.6915997998 -11.0235400335
87.2433023573 -19.4483339740 -11.0235400335
87.0240881216 -19.6915997998 -11.0235400335
56.1376266324 -18.9294667291 -11.0235400335
56.1360405852 -18.9268604073 -11.0235400335
56.1376266324 -18.9294667291 -11.0235400335
14.8567977419 -41.5667764814 -11.0235400335
14.8567977419 -41.5667764814 -12.5235400335
56.1376266324 -18.9294667291 -12.5235400335
56.1360405852 -18.9268604073 -12.5235400335
56.1376266324 -18.9294667291 -12.5235400335
87.0240881216 -19.6915997998 -12.5235400335
87.2433023573 -19.4483339740 -12.5235400335
87.0240881216 -19.6915997998 -12.5235400335
98.8446609338 -48.4494540008 -12.5235400335
98.8446609338 -48.4494540008 -14.0235400335
87.0240881216 -19.6915997998 -14.0235400335
87.2433023573 -19.4483339740 -14.0235400335
87.0240881216 -19.6915997998 -14.0235400335
56.1376266324 -18.9294667291 -14.0235400335
56.1360405852 -18.9268604073 -14.0235400335
56.1376266324 -18.9294667291 -14.0235400335
14.8567977419 -41.5667764814 -14.0235400335
14.8567977419 -41.5667764814 -15.5235400335
56.1376266324 -18.9294667291 -15.5235400335
56.1360405852 -18.9268604073 -15.5235400335
56.1376266324 -18.9294667291 -15.5235400335
87.0240881216 -19.6915997998 -15.5235400335
87.2433023573 -19.4483339740 -15.5235400335
87.0240881216 -19.6915997998 -15.5235400335
98.8446609338 -48.4494540008 -15.5235400335
98.8446609338 -48.4494540008 -17.0235400335
87.0240881216 -19.6915997998 -17.0235400335
87.2433023573 -19.4483339740 -17.0235400335
87.0240881216 -19.6915997998 -17.0235400335
56.1376266324 -18.9294667291 -17.0235400335
56.1360405852 -18.9268604073 -17.0235400335
56.1376266324 -18.9294667291 -17.0235400335
14.8567977419 -41.5667764814 -17.0235400335
14.8567977419 -41.5667764814 -18.5235400335
56.1376266324 -18.9294667291 -18.5235400335
56.1360405852 -18.9268604073 -18.5235400335
56.1376266324 -18.9294667291 -18.5235400335
87.0240881216 -19.6915997998 -18.5235400335
87.2433023573 -19.4483339740 -18.5235400335
87.0240881216 -19.6915997998 -18.5235400335
98.8446609338 -48.4494540008 -18.5235400335
98.8446609338 -48.4494540008 -20.0235400335
87.0240881216 -19.6915997998 -20.0235400335
87.2433023573 -19.4483339740 -20.0235400335
87.0240881216 -19.6915997998 -20.0235400335
56.1376266324 -18.9294667291 -20.0235400335
56.1360405852 -18.9268604073 -20.0235400335
56.1376266324 -18.9294667291 -20.0235400335
14.8567977419 -41.5667764814 -20.0235400335
14.8567977419 -41.5667764814 -21.5235400335
56.1376266324 -18.9294667291 -21.5235400335
56.1360405852 -18.9268604073 -21.5235400335
56.1376266324 -18.9294667291 -21.5235400335
87.0240881216 -19.6915997998 -21.5235400335
87.2433023573 -19.4483339740 -21.5235400335
87.0240881216 -19.6915997998 -21.5235400335
98.8446609338 -48.4494540008 -21.5235400335
98.8446609338 -48.4494540008 -23.0235400335
87.0240881216 -19.6915997998 -23.0235400335
87.2433023573 -19.4483339740 -23.0235400335
87.0240881216 -19.6915997998 -23.0235400335
56.1376266324 -18.9294667291 -23.0235400335
56.1360405852 -18.9268604073 -23.0235400335
56.1376266324 -18.9294667291 -23.0235400335
14.8567977419 -41.5667764814 -23.0235400335
14.8567977419 -41.5667764814 -24.5235400335
56.1376266324 -18.9294667291 -24.5235400335
56.1360405852 -18.9268604073 -24.5235400335
56.1376266324 -18.9294667291 -24.5235400335
87.0240881216 -19.6915997998 -24.5235400335
87.2433023573 -19.4483339740 -24.5235400335
87.0240881216 -19.6915997998 -24.5235400335
98.8446609338 -48.4494540008 -24.5235400335
98.8446609338 -48.4494540008 -26.0235400335
87.0240881216 -19.6915997998 -26.0235400335
87.2433023573 -19.4483339740 -26.0235400335
87.0240881216 -19.6915997998 -26.0235400335
56.1376266324 -18.9294667291 -26.0235400335
56.1360405852 -18.9268604073 -26.0235400335
56.1376266324 -18.9294667291 -26.0235400335
14.8567977419 -41.5667764814 -26.0235400335
14.8567977419 -41.5667764814 -27.5235400335
56.1376266324 -18.9294667291 -27.5235400335
56.1360405852 -18.9268604073 -27.5235400335
56.1376266324 -18.9294667291 -27.5235400335
87.0240881216 -19.6915997998 -27.5235400335
87.2433023573 -19.4483339740 -27.5235400335
87.0240881216 -19.6915997998 -27.5235400335
98.8446609338 -48.4494540008 -27.5235400335
98.8446609338 -48.4494540008 -29.0235400335
87.0240881216 -19.6915997998 -29.0235400335
87.2433023573 -19.4483339740 -29.0235400335
87.0240881216 -19.6915997998 -29.0235400335
56.1376266324 -18.9294667291 -29.0235400335
56.1360405852 -18.9268604073 -29.0235400335
56.1376266324 -18.9294667291 -29.0235400335
14.8567977419 -41.5667764814 -29.0235400335
14.8567977419 -41.5667764814 -30.5235400335
56.1376266324 -18.9294667291 -30.5235400335
56.1360405852 -18.9268604073 -30.5235400335
56.1376266324 -18.9294667291 -30.5235400335
87.0240881216 -19.6915997998 -30.5235400335
87.2433023573 -19.4483339740 -30.5235400335
87.0240881216 -19.6915997998 -30.5235400335
98.8446609338 -48.4494540008 -30.5235400335
98.8446609338 -48.4494540008 -32.0235400335
87.0240881216 -19.6915997998 -32.0235400335
87.2433023573 -19.4483339740 -32.0235400335
87.0240881216 -19.6915997998 -32.0235400335
56.1376266324 -18.9294667291 -32.0235400335
56.1360405852 -18.9268604073 -32.0235400335
56.1376266324 -18.9294667291 -32.0235400335
14.8567977419 -41.5667764814 -32.0235400335
14.8567977419 -41.5667764814 -33.5235400335
56.1376266324 -18.9294667291 -33.5235400335
56.1360405852 -18.9268604073 -33.5235400335
56.1376266324 -18.9294667291 -33.5235400335
87.0240881216 -19.6915997998 -33.5235400335
87.2433023573 -19.4483339740 -33.5235400335
87.0240881216 -19.6915997998 -33.5235400335
98.8446609338 -48.4494540008 -33.5235400335
98.8446609338 -48.4494540008 -35.0235400335
87.0240881216 -19.6915997998 -35.0235400335
87.2433023573 -19.4483339740 -35.0235400335
87.0240881216 -19.6915997998 -35.0235400335
56.1376266324 -18.9294667291 -35.0235400335
56.1360405852 -18.9268604073 -35.0235400335
56.1376266324 -18.9294667291 -35.0235400335
14.8567977419 -41.5667764814 -35.0235400335
14.8567977419 -41.5667764814 -36.5235400335
56.1376266324 -18.9294667291 -36.5235400335
56.1360405852 -18.9268604073 -36.5235400335
56.1376266324 -18.9294667291 -36.5235400335
87.0240881216 -19.6915997998 -36.5235400335
87.2433023573 -19.4483339740 -36.5235400335
87.0240881216 -19.6915997998 -36.5235400335
98.8446609338 -48.4494540008 -36.5235400335
98.8446609338 -48.4494540008 -38.0235400335
87.0240881216 -19.6915997998 -38.0235400335
87.2433023573 -19.4483339740 -38.0235400335
87.0240881216 -19.6915997998 -38.0235400335
56.1376266324 -18.9294667291 -38.0235400335
56.1360405852 -18.9268604073 -38.0235400335
56.1376266324 -18.9294667291 -38.0235400335
14.8567977419 -41.5667764814 -38.0235400335
14.8567977419 -41.5667764814 -39.5235400335
56.1376266324 -18.9294667291 -39.5235400335
56.1360405852 -18.9268604073 -39.5235400335
56.1376266324 -18.9294667291 -39.5235400335
87.0240881216 -19.6915997998 -39.5235400335
87.2433023573 -19.4483339740 -39.5235400335
87.0240881216 -19.6915997998 -39.5235400335
98.8446609338 -48.4494540008 -39.5235400335
98.8446609338 -48.4494540008 -41.0235400335
87.0240881216 -19.6915997998 -41.0235400335
87.2433023573 -19.4483339740 -41.0235400335
87.0240881216 -19.6915997998 -41.0235400335
56.1376266324 -18.9294667291 -41.0235400335
56.1360405852 -18.9268604073 -41.0235400335
56.1376266324 -18.9294667291 -41.0235400335
14.8567977419 -41.5667764814 -41.0235400335
14.8567977419 -41.5667764814 -42.5235400335
56.1376266324 -18.9294667291 -42.5235400335
56.1360405852 -18.9268604073 -42.5235400335
56.1376266324 -18.9294667291 -42.5235400335
87.0240881216 -19.6915997998 -42.5235400335
87.2433023573 -19.4483339740 -42.5235400335
87.0240881216 -19.6915997998 -42.5235400335
98.8446609338 -48.4494540008 -42.5235400335
98.8446609338 -48.4494540008 -44.0235400335
87.0240881216 -19.6915997998 -44.0235400335
87.2433023573 -19.4483339740 -44.0235400335
87.0240881216 -19.6915997998 -44.0235400335
56.1376266324 -18.9294667291 -44.0235400335
56.1360405852 -18.9268604073 -44.0235400335
56.1376266324 -18.9294667291 -44.0235400335
14.8567977419 -41.5667764814 -44.0235400335
14.8567977419 -41.5667764814 -45.5235400335
56.1376266324 -18.9294667291 -45.5235400335
56.1360405852 -18.9268604073 -45.5235400335
56.1376266324 -18.9294667291 -45.5235400335
87.0240881216 -19.6915997998 -45.5235400335
87.2433023573 -19.4483339740 -45.5235400335
87.0240881216 -19.6915997998 -45.5235400335
98.8446609338 -48.4494540008 -45.5235400335
98.8446609338 -48.4494540008 -47.0235400335
87.0240881216 -19.6915997998 -47.0235400335
87.2433023573 -19.4483339740 -47.0235400335
87.0240881216 -19.6915997998 -47.0235400335
56.1376266324 -18.9294667291 -47.0235400335
56.1360405852 -18.9268604073 -47.0235400335
56.1376266324 -18.9294667291 -47.0235400335
14.8567977419 -41.5667764814 -47.0235400335
14.8567977419 -41.5667764814 -48.5235400335
56.1376266324 -18.9294667291 -48.5235400335
56.1360405852 -18.9268604073 -48.5235400335
56.1376266324 -18.9294667291 -48.5235400335
87.0240881216 -19.6915997998 -48.5235400335
87.2433023573 -19.4483339740 -48.5235400335
87.0240881216 -19.6915997998 -48.5235400335
98.8446609338 -48.4494540008 -48.5235400335
98.8446609338 -48.4494540008 -50.0235400335
87.0240881216 -19.6915997998 -50.0235400335
87.2433023573 -19.4483339740 -50.0235400335
87.0240881216 -19.6915997998 -50.0235400335
56.1376266324 -18.9294667291 -50.0235400335
56.1360405852 -18.9268604073 -50.0235400335
56.1376266324 -18.9294667291 -50.0235400335
14.8567977419 -41.5667764814 -50.0235400335
14.8567977419 -41.5667764814 -51.5235400335
56.1376266324 -18.9294667291 -51.5235400335
56.1360405852 -18.9268604073 -51.5235400335
56.1376266324 -18.9294667291 -51.5235400335
87.0240881216 -19.6915997998 -51.5235400335
87.2433023573 -19.4483339740 -51.5235400335
87.0240881216 -19.6915997998 -51.5235400335
98.8446609338 -48.4494540008 -51.5235400335
98.8446609338 -48.4494540008 -53.0235400335
87.0240881216 -19.6915997998 -53.0235400335
87.2433023573 -19.4483339740 -53.0235400335
87.0240881216 -19.6915997998 -53.0235400335
56.1376266324 -18.9294667291 -53.0235400335
56.1360405852 -18.9268604073 -53.0235400335
56.1376266324 -18.9294667291 -53.0235400335
14.8567977419 -41.5667764814 -53.0235400335
14.8567977419 -41.5667764814 -54.5235400335
56.1376266324 -18.9294667291 -54.5235400335
56.1360405852 -18.9268604073 -54.5235400335
56.1376266324 -18.9294667291 -54.5235400335
87.0240881216 -19.6915997998 -54.5235400335
87.2433023573 -19.4483339740 -54.5235400335
87.0240881216 -19.6915997998 -54.5235400335
98.8446609338 -48.4494540008 -54.5235400335
98.8446609338 -48.4494540008 -56.0235400335
87.0240881216 -19.6915997998 -56.0235400335
87.2433023573 -19.4483339740 -56.0235400335
87.0240881216 -19.6915997998 -56.0235400335
56.1376266324 -18.9294667291 -56.0235400335
56.1360405852 -18.9268604073 -56.0235400335
56.1376266324 -18.9294667291 -56.0235400335
14.8567977419 -41.5667764814 -56.0235400335
14.8567977419 -41.5667764814 -57.5235400335
56.1376266324 -18.9294667291 -57.5235400335
56.1360405852 -18.9268604073 -57.5235400335
56.1376266324 -18.9294667291 -57.5235400335
87.0240881216 -19.6915997998 -57.5235400335
87.2433023573 -19.4483339740 -57.5235400335
87.0240881216 -19.6915997998 -57.5235400335
98.8446609338 -48.4494540008 -57.5235400335
98.8446609338 -48.4494540008 -59.0235400335
87.0240881216 -19.6915997998 -59.0235400335
87.2433023573 -19.4483339740 -59.0235400335
87.0240881216 -19.6915997998 -59.0235400335
56.1376266324 -18.9294667291 -59.0235400335
56.1360405852 -18.9268604073 -59.0235400335
56.1376266324 -18.9294667291 -59.0235400335
14.8567977419 -41.5667764814 -59.0235400335
14.8567977419 -41.5667764814 -60.5235400335
56.1376266324 -18.9294667291 -60.5235400335
56.1360405852 -18.9268604073 -60.5235400335
56.1376266324 -18.9294667291 -60.5235400335
87.0240881216 -19.6915997998 -60.5235400335
87.2433023573 -19.4483339740 -60.5235400335
87.0240881216 -19.6915997998 -60.5235400335
98.8446609338 -48.4494540008 -60.5235400335
98.8446609338 -48.4494540008 -62.0235400335
87.0240881216 -19.6915997998 -62.0235400335
87.2433023573 -19.4483339740 -62.0235400335
87.0240881216 -19.6915997998 -62.0235400335
56.1376266324 -18.9294667291 -62.0235400335
56.1360405852 -18.9268604073 -62.0235400335
56.1376266324 -18.9294667291 -62.0235400335
14.8567977419 -41.5667764814 -62.0235400335
14.8567977419 -41.5667764814 -63.5235400335
56.1376266324 -18.9294667291 -63.5235400335
56.1360405852 -18.9268604073 -63.5235400335
56.1376266324 -18.9294667291 -63.5235400335
87.0240881216 -19.6915997998 -63.5235400335
87.2433023573 -19.4483339740 -63.5235400335
87.0240881216 -19.6915997998 -63.5235400335
98.8446609338 -48.4494540008 -63.5235400335
98.8446609338 -48.4494540008 -65.0235400335
87.0240881216 -19.6915997998 -65.0235400335
87.2433023573 -19.4483339740 -65.0235400335
87.0240881216 -19.6915997998 -65.0235400335
56.1376266324 -18.9294667291 -65.0235400335
56.1360405852 -18.9268604073 -65.0235400335
56.1376266324 -18.9294667291 -65.0235400335
14.8567977419 -41.5667764814 -65.0235400335
14.8567977419 -41.5667764814 -66.5235400335
56.1376266324 -18.9294667291 -66.5235400335
56.1360405852 -18.9268604073 -66.5235400335
56.1376266324 -18.9294667291 -66.5235400335
87.0240881216 -19.6915997998 -66.5235400335
87.2433023573 -19.4483339740 -66.5235400335
87.0240881216 -19.6915997998 -66.5235400335
98.8446609338 -48.4494540008 -66.5235400335
98.8446609338 -48.4494540008 -68.0235400335
87.0240881216 -19.6915997998 -68.0235400335
87.2433023573 -19.4483339740 -68.0235400335
87.0240881216 -19.6915997998 -68.0235400335
56.1376266324 -18.9294667291 -68.0235400335
56.1360405852 -18.9268604073 -68.0235400335
56.1376266324 -18.9294667291 -68.0235400335
14.8567977419 -41.5667764814 -68.0235400335
14.8567977419 -41.5667764814 -69.5235400335
56.1376266324 -18.9294667291 -69.5235400335
56.1360405852 -18.9268604073 -69.5235400335
56.1376266324 -18.9294667291 -69.5235400335
87.0240881216 -19.6915997998 -69.5235400335
87.2433023573 -19.4483339740 -69.5235400335
87.0240881216 -19.6915997998 -69.5235400335
98.8446609338 -48.4494540008 -69.5235400335
98.8446609338 -48.4494540008 -71.0235400335
87.0240881216 -19.6915997998 -71.0235400335
87.2433023573 -19.4483339740 -71.0235400335
87.0240881216 -19.6915997998 -71.0235400335
56.1376266324 -18.9294667291 -71.0235400335
56.1360405852 -18.9268604073 -71.0235400335
56.1376266324 -18.9294667291 -71.0235400335
14.8567977419 -41.5667764814 -71.0235400335
14.8567977419 -41.5667764814 -72.5235400335
56.1376266324 -18.9294667291 -72.5235400335
56.1360405852 -18.9268604073 -72.5235400335
56.1376266324 -18.9294667291 -72.5235400335
87.0240881216 -19.6915997998 -72.5235400335
87.2433023573 -19.4483339740 -72.5235400335
87.0240881216 -19.6915997998 -72.5235400335
98.8446609338 -48.4494540008 -72.5235400335
98.8446609338 -48.4494540008 -74.0235400335
87.0240881216 -19.6915997998 -74.0235400335
87.2433023573 -19.4483339740 -74.0235400335
87.0240881216 -19.6915997998 -74.0235400335
56.1376266324 -18.9294667291 -74.0235400335
56.1360405852 -18.9268604073 -74.0235400335
56.1376266324 -18.9294667291 -74.0235400335
