141.858394669 -48.9760303245 -4.77007020803
141.860486216 -48.9919552456 -4.77007020803
141.858394669 -48.9760303245 -4.77007020803
110.716969384 -34.0316053122 -4.77007020803
110.561091284 -34.1112911032 -4.77007020803
110.716969384 -34.0316053122 -4.77007020803
106.355195429 -2.84296391315 -4.77007020803
106.355195429 -2.84296391315 -6.27007020803
110.716969384 -34.0316053122 -6.27007020803
110.561091284 -34.1112911032 -6.27007020803
110.716969384 -34.0316053122 -6.27007020803
141.858394669 -48.9760303245 -6.27007020803
141.860486216 -48.9919552456 -6.27007020803
141.858394669 -48.9760303245 -6.27007020803
189.096549814 -47.6841154049 -6.27007020803
189.096549814 -47.6841154049 -7.77007020803
141.858394669 -48.9760303245 -7.77007020803
141.860486216 -48.9919552456 -7.77007020803
141.858394669 -48.9760303245 -7.77007020803
110.716969384 -34.0316053122 -7.77007020803
110.561091284 -34.1112911032 -7.77007020803
110.716969384 -34.0316053122 -7.77007020803
106.355195429 -2.84296391315 -7.77007020803
106.355195429 -2.84296391315 -9.27007020803
110.716969384 -34.0316053122 -9.27007020803
110.561091284 -34.1112911032 -9.27007020803
110.716969384 -34.0316053122 -9.27007020803
141.858394669 -48.9760303245 -9.27007020803
141.860486216 -48.9919552456 -9.27007020803
141.858394669 -48.9760303245 -9.27007020803
189.096549814 -47.6841154049 -9.27007020803
189.096549814 -47.6841154049 -10.7700702080
141.858394669 -48.9760303245 -10.7700702080
141.860486216 -48.9919552456 -10.7700702080
141.858394669 -48.9760303245 -10.7700702080
110.716969384 -34.0316053122 -10.7700702080
110.561091284 -34.1112911032 -10.7700702080
110.716969384 -34.0316053122 -10.7700702080
106.355195429 -2.84296391315 -10.7700702080
106.355195429 -2.84296391315 -12.2700702080
110.716969384 -34.0316053122 -12.2700702080
110.561091284 -34.1112911032 -12.2700702080
110.716969384 -34.0316053122 -12.2700702080
141.858394669 -48.9760303245 -12.2700702080
141.860486216 -48.9919552456 -12.2700702080
141.858394669 -48.9760303245 -12.2700702080
189.096549814 -47.6841154049 -12.2700702080
189.096549814 -47.6841154049 -13.7700702080
141.858394669 -48.9760303245 -13.7700702080
141.860486216 -48.9919552456 -13.7700702080
141.858394669 -48.9760303245 -13.7700702080
110.716969384 -34.0316053122 -13.7700702080
110.561091284 -34.1112911032 -13.7700702080
110.716969384 -34.0316053122 -13.7700702080
106.355195429 -2.84296391315 -13.7700702080
106.355195429 -2.84296391315 -15.2700702080
110.716969384 -34.0316053122 -15.2700702080
110.561091284 -34.1112911032 -15.2700702080
110.716969384 -34.0316053122 -15.2700702080
141.858394669 -48.9760303245 -15.2700702080
141.860486216 -48.9919552456 -15.2700702080
141.858394669 -48.9760303245 -15.2700702080
189.096549814 -47.6841154049 -15.2700702080
189.096549814 -47.6841154049 -16.7700702080
141.858394669 -48.9760303245 -16.7700702080
141.860486216 -48.9919552456 -16.7700702080
141.858394669 -48.9760303245 -16.7700702080
110.716969384 -34.0316053122 -16.7700702080
110.561091284 -34.1112911032 -16.7700702080
110.716969384 -34.0316053122 -16.7700702080
106.355195429 -2.84296391315 -16.7700702080
106.355195429 -2.84296391315 -18.2700702080
110.716969384 -34.0316053122 -18.2700702080
110.561091284 -34.1112911032 -18.2700702080
110.716969384 -34.0316053122 -18.2700702080
141.858394669 -48.9760303245 -18.2700702080
141.860486216 -48.9919552456 -18.2700702080
141.858394669 -48.9760303245 -18.2700702080
189.096549814 -47.6841154049 -18.2700702080
189.096549814 -47.6841154049 -19.7700702080
141.858394669 -48.9760303245 -19.7700702080
141.860486216 -48.9919552456 -19.7700702080
141.858394669 -48.9760303245 -19.7700702080
110.716969384 -34.0316053122 -19.7700702080
110.561091284 -34.1112911032 -19.7700702080
110.716969384 -34.0316053122 -19.7700702080
106.355195429 -2.84296391315 -19.7700702080
106.355195429 -2.84296391315 -21.2700702080
110.716969384 -34.0316053122 -21.2700702080
110.561091284 -34.1112911032 -21.2700702080
110.716969384 -34.0316053122 -21.2700702080
141.858394669 -48.9760303245 -21.2700702080
141.860486216 -48.9919552456 -21.2700702080
141.858394669 -48.9760303245 -21.2700702080
189.096549814 -47.6841154049 -21.2700702080
189.096549814 -47.6841154049 -22.7700702080
141.858394669 -48.9760303245 -22.7700702080
141.860486216 -48.9919552456 -22.7700702080
141.858394669 -48.9760303245 -22.7700702080
110.716969384 -34.0316053122 -22.7700702080
110.561091284 -34.1112911032 -22.7700702080
110.716969384 -34.0316053122 -22.7700702080
106.355195429 -2.84296391315 -22.7700702080
106.355195429 -2.84296391315 -24.2700702080
110.716969384 -34.0316053122 -24.2700702080
110.561091284 -34.1112911032 -24.2700702080
110.716969384 -34.0316053122 -24.2700702080
141.858394669 -48.9760303245 -24.2700702080
141.860486216 -48.9919552456 -24.2700702080
141.858394669 -48.9760303245 -24.2700702080
189.096549814 -47.6841154049 -24.2700702080
189.096549814 -47.6841154049 -25.7700702080
141.858394669 -48.9760303245 -25.7700702080
141.860486216 -48.9919552456 -25.7700702080
141.858394669 -48.9760303245 -25.7700702080
110.716969384 -34.0316053122 -25.7700702080
110.561091284 -34.1112911032 -25.7700702080
110.716969384 -34.0316053122 -25.7700702080
106.355195429 -2.84296391315 -25.7700702080
106.355195429 -2.84296391315 -27.2700702080
110.716969384 -34.0316053122 -27.2700702080
110.561091284 -34.1112911032 -27.2700702080
110.716969384 -34.0316053122 -27.2700702080
141.858394669 -48.9760303245 -27.2700702080
141.860486216 -48.9919552456 -27.2700702080
141.858394669 -48.9760303245 -27.2700702080
189.096549814 -47.6841154049 -27.2700702080
189.096549814 -47.6841154049 -28.7700702080
141.858394669 -48.9760303245 -28.7700702080
141.860486216 -48.9919552456 -28.7700702080
141.858394669 -48.9760303245 -28.7700702080
110.716969384 -34.0316053122 -28.7700702080
110.561091284 -34.1112911032 -28.7700702080
110.716969384 -34.0316053122 -28.7700702080
106.355195429 -2.84296391315 -28.7700702080
106.355195429 -2.84296391315 -30.2700702080
110.716969384 -34.0316053122 -30.2700702080
110.561091284 -34.1112911032 -30.2700702080
110.716969384 -34.0316053122 -30.2700702080
141.858394669 -48.9760303245 -30.2700702080
141.860486216 -48.9919552456 -30.2700702080
141.858394669 -48.9760303245 -30.2700702080
189.096549814 -47.6841154049 -30.2700702080
189.096549814 -47.6841154049 -31.7700702080
141.858394669 -48.9760303245 -31.7700702080
141.860486216 -48.9919552456 -31.7700702080
141.858394669 -48.9760303245 -31.7700702080
110.716969384 -34.0316053122 -31.7700702080
110.561091284 -34.1112911032 -31.7700702080
110.716969384 -34.0316053122 -31.7700702080
106.355195429 -2.84296391315 -31.7700702080
106.355195429 -2.84296391315 -33.2700702080
110.716969384 -34.0316053122 -33.2700702080
110.561091284 -34.1112911032 -33.2700702080
110.716969384 -34.0316053122 -33.2700702080
141.858394669 -48.9760303245 -33.2700702080
141.860486216 -48.9919552456 -33.2700702080
141.858394669 -48.9760303245 -33.2700702080
189.096549814 -47.6841154049 -33.2700702080
189.096549814 -47.6841154049 -34.7700702080
141.858394669 -48.9760303245 -34.7700702080
141.860486216 -48.9919552456 -34.7700702080
141.858394669 -48.9760303245 -34.7700702080
110.716969384 -34.0316053122 -34.7700702080
110.561091284 -34.1112911032 -34.7700702080
110.716969384 -34.0316053122 -34.7700702080
106.355195429 -2.84296391315 -34.7700702080
106.355195429 -2.84296391315 -36.2700702080
110.716969384 -34.0316053122 -36.2700702080
110.561091284 -34.1112911032 -36.2700702080
110.716969384 -34.0316053122 -36.2700702080
141.858394669 -48.9760303245 -36.2700702080
141.860486216 -48.9919552456 -36.2700702080
141.858394669 -48.9760303245 -36.2700702080
189.096549814 -47.6841154049 -36.2700702080
189.096549814 -47.6841154049 -37.7700702080
141.858394669 -48.9760303245 -37.7700702080
141.860486216 -48.9919552456 -37.7700702080
141.858394669 -48.9760303245 -37.7700702080
110.716969384 -34.0316053122 -37.7700702080
110.561091284 -34.1112911032 -37.7700702080
110.716969384 -34.0316053122 -37.7700702080
106.355195429 -2.84296391315 -37.7700702080
106.355195429 -2.84296391315 -39.2700702080
110.716969384 -34.0316053122 -39.2700702080
110.561091284 -34.1112911032 -39.2700702080
110.716969384 -34.0316053122 -39.2700702080
141.858394669 -48.9760303245 -39.2700702080
141.860486216 -48.9919552456 -39.2700702080
141.858394669 -48.9760303245 -39.2700702080
189.096549814 -47.6841154049 -39.2700702080
189.096549814 -47.6841154049 -40.7700702080
141.858394669 -48.9760303245 -40.7700702080
141.860486216 -48.9919552456 -40.7700702080
141.858394669 -48.9760303245 -40.7700702080
110.716969384 -34.0316053122 -40.7700702080
110.561091284 -34.1112911032 -40.7700702080
110.716969384 -34.0316053122 -40.7700702080
106.355195429 -2.84296391315 -40.7700702080
106.355195429 -2.84296391315 -42.2700702080
110.716969384 -34.0316053122 -42.2700702080
110.561091284 -34.1112911032 -42.2700702080
110.716969384 -34.0316053122 -42.2700702080
141.858394669 -48.9760303245 -42.2700702080
141.860486216 -48.9919552456 -42.2700702080
141.858394669 -48.9760303245 -42.2700702080
189.096549814 -47.6841154049 -42.2700702080
189.096549814 -47.6841154049 -43.7700702080
141.858394669 -48.9760303245 -43.7700702080
141.860486216 -48.9919552456 -43.7700702080
141.858394669 -48.9760303245 -43.7700702080
110.716969384 -34.0316053122 -43.7700702080
110.561091284 -34.1112911032 -43.7700702080
110.716969384 -34.0316053122 -43.7700702080
106.355195429 -2.84296391315 -43.7700702080
106.355195429 -2.84296391315 -45.2700702080
110.716969384 -34.0316053122 -45.2700702080
110.561091284 -34.1112911032 -45.2700702080
110.716969384 -34.0316053122 -45.2700702080
141.858394669 -48.9760303245 -45.2700702080
141.860486216 -48.9919552456 -45.2700702080
141.858394669 -48.9760303245 -45.2700702080
189.096549814 -47.6841154049 -45.2700702080
189.096549814 -47.6841154049 -46.7700702080
141.858394669 -48.9760303245 -46.7700702080
141.860486216 -48.9919552456 -46.7700702080
141.858394669 -48.9760303245 -46.7700702080
110.716969384 -34.0316053122 -46.7700702080
110.561091284 -34.1112911032 -46.7700702080
110.716969384 -34.0316053122 -46.7700702080
106.355195429 -2.84296391315 -46.7700702080
106.355195429 -2.84296391315 -48.2700702080
110.716969384 -34.0316053122 -48.2700702080
110.561091284 -34.1112911032 -48.2700702080
110.716969384 -34.0316053122 -48.2700702080
141.858394669 -48.9760303245 -48.2700702080
141.860486216 -48.9919552456 -48.2700702080
141.858394669 -48.9760303245 -48.2700702080
189.096549814 -47.6841154049 -48.2700702080
189.096549814 -47.6841154049 -49.7700702080
141.858394669 -48.9760303245 -49.7700702080
141.860486216 -48.9919552456 -49.7700702080
141.858394669 -48.9760303245 -49.7700702080
110.716969384 -34.0316053122 -49.7700702080
110.561091284 -34.1112911032 -49.7700702080
110.716969384 -34.0316053122 -49.7700702080
106.355195429 -2.84296391315 -49.7700702080
106.355195429 -2.84296391315 -51.2700702080
110.716969384 -34.0316053122 -51.2700702080
110.561091284 -34.1112911032 -51.2700702080
110.716969384 -34.0316053122 -51.2700702080
141.858394669 -48.9760303245 -51.2700702080
141.860486216 -48.9919552456 -51.2700702080
141.858394669 -48.9760303245 -51.2700702080
189.096549814 -47.6841154049 -51.2700702080
189.096549814 -47.6841154049 -52.7700702080
141.858394669 -48.9760303245 -52.7700702080
141.860486216 -48.9919552456 -52.7700702080
141.858394669 -48.9760303245 -52.7700702080
110.716969384 -34.0316053122 -52.7700702080
110.561091284 -34.1112911032 -52.7700702080
110.716969384 -34.0316053122 -52.7700702080
