109.919266502 -71.6478870222 -4.77007020803
110.075144601 -71.5682012312 -4.77007020803
109.919266502 -71.6478870222 -4.77007020803
78.7778412165 -56.7034620099 -4.77007020803
78.7757496689 -56.6875370887 -4.77007020803
78.7778412165 -56.7034620099 -4.77007020803
31.5396860717 -57.9953769294 -4.77007020803
31.5396860717 -57.9953769294 -6.27007020803
78.7778412165 -56.7034620099 -6.27007020803
78.7757496689 -56.6875370887 -6.27007020803
78.7778412165 -56.7034620099 -6.27007020803
109.919266502 -71.6478870222 -6.27007020803
110.075144601 -71.5682012312 -6.27007020803
109.919266502 -71.6478870222 -6.27007020803
114.281040456 -102.836528421 -6.27007020803
114.281040456 -102.836528421 -7.77007020803
109.919266502 -71.6478870222 -7.77007020803
110.075144601 -71.5682012312 -7.77007020803
109.919266502 -71.6478870222 -7.77007020803
78.7778412165 -56.7034620099 -7.77007020803
78.7757496689 -56.6875370887 -7.77007020803
78.7778412165 -56.7034620099 -7.77007020803
31.5396860717 -57.9953769294 -7.77007020803
31.5396860717 -57.9953769294 -9.27007020803
78.7778412165 -56.7034620099 -9.27007020803
78.7757496689 -56.6875370887 -9.27007020803
78.7778412165 -56.7034620099 -9.27007020803
109.919266502 -71.6478870222 -9.27007020803
110.075144601 -71.5682012312 -9.27007020803
109.919266502 -71.6478870222 -9.27007020803
114.281040456 -102.836528421 -9.27007020803
114.281040456 -102.836528421 -10.7700702080
109.919266502 -71.6478870222 -10.7700702080
110.075144601 -71.5682012312 -10.7700702080
109.919266502 -71.6478870222 -10.7700702080
78.7778412165 -56.7034620099 -10.7700702080
78.7757496689 -56.6875370887 -10.7700702080
78.7778412165 -56.7034620099 -10.7700702080
31.5396860717 -57.9953769294 -10.7700702080
31.5396860717 -57.9953769294 -12.2700702080
78.7778412165 -56.7034620099 -12.2700702080
78.7757496689 -56.6875370887 -12.2700702080
78.7778412165 -56.7034620099 -12.2700702080
109.919266502 -71.6478870222 -12.2700702080
110.075144601 -71.5682012312 -12.2700702080
109.919266502 -71.6478870222 -12.2700702080
114.281040456 -102.836528421 -12.2700702080
114.281040456 -102.836528421 -13.7700702080
109.919266502 -71.6478870222 -13.7700702080
110.075144601 -71.5682012312 -13.7700702080
109.919266502 -71.6478870222 -13.7700702080
78.7778412165 -56.7034620099 -13.7700702080
78.7757496689 -56.6875370887 -13.7700702080
78.7778412165 -56.7034620099 -13.7700702080
31.5396860717 -57.9953769294 -13.7700702080
31.5396860717 -57.9953769294 -15.2700702080
78.7778412165 -56.7034620099 -15.2700702080
78.7757496689 -56.6875370887 -15.2700702080
78.7778412165 -56.7034620099 -15.2700702080
109.919266502 -71.6478870222 -15.2700702080
110.075144601 -71.5682012312 -15.2700702080
109.919266502 -71.6478870222 -15.2700702080
114.281040456 -102.836528421 -15.2700702080
114.281040456 -102.836528421 -16.7700702080
109.919266502 -71.6478870222 -16.7700702080
110.075144601 -71.5682012312 -16.7700702080
109.919266502 -71.6478870222 -16.7700702080
78.7778412165 -56.7034620099 -16.7700702080
78.7757496689 -56.6875370887 -16.7700702080
78.7778412165 -56.7034620099 -16.7700702080
31.5396860717 -57.9953769294 -16.7700702080
31.5396860717 -57.9953769294 -18.2700702080
78.7778412165 -56.7034620099 -18.2700702080
78.7757496689 -56.6875370887 -18.2700702080
78.7778412165 -56.7034620099 -18.2700702080
109.919266502 -71.6478870222 -18.2700702080
110.075144601 -71.5682012312 -18.2700702080
109.919266502 -71.6478870222 -18.2700702080
114.281040456 -102.836528421 -18.2700702080
114.281040456 -102.836528421 -19.7700702080
109.919266502 -71.6478870222 -19.7700702080
110.075144601 -71.5682012312 -19.7700702080
109.919266502 -71.6478870222 -19.7700702080
78.7778412165 -56.7034620099 -19.7700702080
78.7757496689 -56.6875370887 -19.7700702080
78.7778412165 -56.7034620099 -19.7700702080
31.5396860717 -57.9953769294 -19.7700702080
31.5396860717 -57.9953769294 -21.2700702080
78.7778412165 -56.7034620099 -21.2700702080
78.7757496689 -56.6875370887 -21.2700702080
78.7778412165 -56.7034620099 -21.2700702080
109.919266502 -71.6478870222 -21.2700702080
110.075144601 -71.5682012312 -21.2700702080
109.919266502 -71.6478870222 -21.2700702080
114.281040456 -102.836528421 -21.2700702080
114.281040456 -102.836528421 -22.7700702080
109.919266502 -71.6478870222 -22.7700702080
110.075144601 -71.5682012312 -22.7700702080
109.919266502 -71.6478870222 -22.7700702080
78.7778412165 -56.7034620099 -22.7700702080
78.7757496689 -56.6875370887 -22.7700702080
78.7778412165 -56.7034620099 -22.7700702080
31.5396860717 -57.9953769294 -22.7700702080
31.5396860717 -57.9953769294 -24.2700702080
78.7778412165 -56.7034620099 -24.2700702080
78.7757496689 -56.6875370887 -24.2700702080
78.7778412165 -56.7034620099 -24.2700702080
109.919266502 -71.6478870222 -24.2700702080
110.075144601 -71.5682012312 -24.2700702080
109.919266502 -71.6478870222 -24.2700702080
114.281040456 -102.836528421 -24.2700702080
114.281040456 -102.836528421 -25.7700702080
109.919266502 -71.6478870222 -25.7700702080
110.075144601 -71.5682012312 -25.7700702080
109.919266502 -71.6478870222 -25.7700702080
78.7778412165 -56.7034620099 -25.7700702080
78.7757496689 -56.6875370887 -25.7700702080
78.7778412165 -56.7034620099 -25.7700702080
31.5396860717 -57.9953769294 -25.7700702080
31.5396860717 -57.9953769294 -27.2700702080
78.7778412165 -56.7034620099 -27.2700702080
78.7757496689 -56.6875370887 -27.2700702080
78.7778412165 -56.7034620099 -27.2700702080
109.919266502 -71.6478870222 -27.2700702080
110.075144601 -71.5682012312 -27.2700702080
109.919266502 -71.6478870222 -27.2700702080
114.281040456 -102.836528421 -27.2700702080
114.281040456 -102.836528421 -28.7700702080
109.919266502 -71.6478870222 -28.7700702080
110.075144601 -71.5682012312 -28.7700702080
109.919266502 -71.6478870222 -28.7700702080
78.7778412165 -56.7034620099 -28.7700702080
78.7757496689 -56.6875370887 -28.7700702080
78.7778412165 -56.7034620099 -28.7700702080
31.5396860717 -57.9953769294 -28.7700702080
31.5396860717 -57.9953769294 -30.2700702080
78.7778412165 -56.7034620099 -30.2700702080
78.7757496689 -56.6875370887 -30.2700702080
78.7778412165 -56.7034620099 -30.2700702080
109.919266502 -71.6478870222 -30.2700702080
110.075144601 -71.5682012312 -30.2700702080
109.919266502 -71.6478870222 -30.2700702080
114.281040456 -102.836528421 -30.2700702080
114.281040456 -102.836528421 -31.7700702080
109.919266502 -71.6478870222 -31.7700702080
110.075144601 -71.5682012312 -31.7700702080
109.919266502 -71.6478870222 -31.7700702080
78.7778412165 -56.7034620099 -31.7700702080
78.7757496689 -56.6875370887 -31.7700702080
78.7778412165 -56.7034620099 -31.7700702080
31.5396860717 -57.9953769294 -31.7700702080
31.5396860717 -57.9953769294 -33.2700702080
78.7778412165 -56.7034620099 -33.2700702080
78.7757496689 -56.6875370887 -33.2700702080
78.7778412165 -56.7034620099 -33.2700702080
109.919266502 -71.6478870222 -33.2700702080
110.075144601 -71.5682012312 -33.2700702080
109.919266502 -71.6478870222 -33.2700702080
114.281040456 -102.836528421 -33.2700702080
114.281040456 -102.836528421 -34.7700702080
109.919266502 -71.6478870222 -34.7700702080
110.075144601 -71.5682012312 -34.7700702080
109.919266502 -71.6478870222 -34.7700702080
78.7778412165 -56.7034620099 -34.7700702080
78.7757496689 -56.6875370887 -34.7700702080
78.7778412165 -56.7034620099 -34.7700702080
31.5396860717 -57.9953769294 -34.7700702080
31.5396860717 -57.9953769294 -36.2700702080
78.7778412165 -56.7034620099 -36.2700702080
78.7757496689 -56.6875370887 -36.2700702080
78.7778412165 -56.7034620099 -36.2700702080
109.919266502 -71.6478870222 -36.2700702080
110.075144601 -71.5682012312 -36.2700702080
109.919266502 -71.6478870222 -36.2700702080
114.281040456 -102.836528421 -36.2700702080
114.281040456 -102.836528421 -37.7700702080
109.919266502 -71.6478870222 -37.7700702080
110.075144601 -71.5682012312 -37.7700702080
109.919266502 -71.6478870222 -37.7700702080
78.7778412165 -56.7034620099 -37.7700702080
78.7757496689 -56.6875370887 -37.7700702080
78.7778412165 -56.7034620099 -37.7700702080
31.5396860717 -57.9953769294 -37.7700702080
31.5396860717 -57.9953769294 -39.2700702080
78.7778412165 -56.7034620099 -39.2700702080
78.7757496689 -56.6875370887 -39.2700702080
78.7778412165 -56.7034620099 -39.2700702080
109.919266502 -71.6478870222 -39.2700702080
110.075144601 -71.5682012312 -39.2700702080
109.919266502 -71.6478870222 -39.2700702080
114.281040456 -102.836528421 -39.2700702080
114.281040456 -102.836528421 -40.7700702080
109.919266502 -71.6478870222 -40.7700702080
110.075144601 -71.5682012312 -40.7700702080
109.919266502 -71.6478870222 -40.7700702080
78.7778412165 -56.7034620099 -40.7700702080
78.7757496689 -56.6875370887 -40.7700702080
78.7778412165 -56.7034620099 -40.7700702080
31.5396860717 -57.9953769294 -40.7700702080
31.5396860717 -57.9953769294 -42.2700702080
78.7778412165 -56.7034620099 -42.2700702080
78.7757496689 -56.6875370887 -42.2700702080
78.7778412165 -56.7034620099 -42.2700702080
109.919266502 -71.6478870222 -42.2700702080
110.075144601 -71.5682012312 -42.2700702080
109.919266502 -71.6478870222 -42.2700702080
114.281040456 -102.836528421 -42.2700702080
114.281040456 -102.836528421 -43.7700702080
109.919266502 -71.6478870222 -43.7700702080
110.075144601 -71.5682012312 -43.7700702080
109.919266502 -71.6478870222 -43.7700702080
78.7778412165 -56.7034620099 -43.7700702080
78.7757496689 -56.6875370887 -43.7700702080
78.7778412165 -56.7034620099 -43.7700702080
31.5396860717 -57.9953769294 -43.7700702080
31.5396860717 -57.9953769294 -45.2700702080
78.7778412165 -56.7034620099 -45.2700702080
78.7757496689 -56.6875370887 -45.2700702080
78.7778412165 -56.7034620099 -45.2700702080
109.919266502 -71.6478870222 -45.2700702080
110.075144601 -71.5682012312 -45.2700702080
109.919266502 -71.6478870222 -45.2700702080
114.281040456 -102.836528421 -45.2700702080
114.281040456 -102.836528421 -46.7700702080
109.919266502 -71.6478870222 -46.7700702080
110.075144601 -71.5682012312 -46.7700702080
109.919266502 -71.6478870222 -46.7700702080
78.7778412165 -56.7034620099 -46.7700702080
78.7757496689 -56.6875370887 -46.7700702080
78.7778412165 -56.7034620099 -46.7700702080
31.5396860717 -57.9953769294 -46.7700702080
31.5396860717 -57.9953769294 -48.2700702080
78.7778412165 -56.7034620099 -48.2700702080
78.7757496689 -56.6875370887 -48.2700702080
78.7778412165 -56.7034620099 -48.2700702080
109.919266502 -71.6478870222 -48.2700702080
110.075144601 -71.5682012312 -48.2700702080
109.919266502 -71.6478870222 -48.2700702080
114.281040456 -102.836528421 -48.2700702080
114.281040456 -102.836528421 -49.7700702080
109.919266502 -71.6478870222 -49.7700702080
110.075144601 -71.5682012312 -49.7700702080
109.919266502 -71.6478870222 -49.7700702080
78.7778412165 -56.7034620099 -49.7700702080
78.7757496689 -56.6875370887 -49.7700702080
78.7778412165 -56.7034620099 -49.7700702080
31.5396860717 -57.9953769294 -49.7700702080
31.5396860717 -57.9953769294 -51.2700702080
78.7778412165 -56.7034620099 -51.2700702080
78.7757496689 -56.6875370887 -51.2700702080
78.7778412165 -56.7034620099 -51.2700702080
109.919266502 -71.6478870222 -51.2700702080
110.075144601 -71.5682012312 -51.2700702080
109.919266502 -71.6478870222 -51.2700702080
114.281040456 -102.836528421 -51.2700702080
114.281040456 -102.836528421 -52.7700702080
109.919266502 -71.6478870222 -52.7700702080
110.075144601 -71.5682012312 -52.7700702080
109.919266502 -71.6478870222 -52.7700702080
78.7778412165 -56.7034620099 -52.7700702080
78.7757496689 -56.6875370887 -52.7700702080
78.7778412165 -56.7034620099 -52.7700702080
