78.1487074440 17.6832025011 -21.0235400335
77.9294932084 17.4399366753 -21.0235400335
78.1487074440 17.6832025011 -21.0235400335
66.3281346319 46.4410567021 -21.0235400335
66.3281346319 46.4410567021 -22.5235400335
78.1487074440 17.6832025011 -22.5235400335
77.9294932084 17.4399366753 -22.5235400335
78.1487074440 17.6832025011 -22.5235400335
109.035168933 16.9210694304 -22.5235400335
109.036754980 16.9184631086 -22.5235400335
109.035168933 16.9210694304 -22.5235400335
150.315997824 39.5583791827 -22.5235400335
150.315997824 39.5583791827 -24.0235400335
109.035168933 16.9210694304 -24.0235400335
109.036754980 16.9184631086 -24.0235400335
109.035168933 16.9210694304 -24.0235400335
78.1487074440 17.6832025011 -24.0235400335
77.9294932084 17.4399366753 -24.0235400335
78.1487074440 17.6832025011 -24.0235400335
66.3281346319 46.4410567021 -24.0235400335
66.3281346319 46.4410567021 -25.5235400335
78.1487074440 17.6832025011 -25.5235400335
77.9294932084 17.4399366753 -25.5235400335
78.1487074440 17.6832025011 -25.5235400335
109.035168933 16.9210694304 -25.5235400335
109.036754980 16.9184631086 -25.5235400335
109.035168933 16.9210694304 -25.5235400335
150.315997824 39.5583791827 -25.5235400335
150.315997824 39.5583791827 -27.0235400335
109.035168933 16.9210694304 -27.0235400335
109.036754980 16.9184631086 -27.0235400335
109.035168933 16.9210694304 -27.0235400335
78.1487074440 17.6832025011 -27.0235400335
77.9294932084 17.4399366753 -27.0235400335
78.1487074440 17.6832025011 -27.0235400335
66.3281346319 46.4410567021 -27.0235400335
66.3281346319 46.4410567021 -28.5235400335
78.1487074440 17.6832025011 -28.5235400335
77.9294932084 17.4399366753 -28.5235400335
78.1487074440 17.6832025011 -28.5235400335
109.035168933 16.9210694304 -28.5235400335
109.036754980 16.9184631086 -28.5235400335
109.035168933 16.9210694304 -28.5235400335
150.315997824 39.5583791827 -28.5235400335
150.315997824 39.5583791827 -30.0235400335
109.035168933 16.9210694304 -30.0235400335
109.036754980 16.9184631086 -30.0235400335
109.035168933 16.9210694304 -30.0235400335
78.1487074440 17.6832025011 -30.0235400335
77.9294932084 17.4399366753 -30.0235400335
78.1487074440 17.6832025011 -30.0235400335
66.3281346319 46.4410567021 -30.0235400335
66.3281346319 46.4410567021 -31.5235400335
78.1487074440 17.6832025011 -31.5235400335
77.9294932084 17.4399366753 -31.5235400335
78.1487074440 17.6832025011 -31.5235400335
109.035168933 16.9210694304 -31.5235400335
109.036754980 16.9184631086 -31.5235400335
109.035168933 16.9210694304 -31.5235400335
150.315997824 39.5583791827 -31.5235400335
150.315997824 39.5583791827 -33.0235400335
109.035168933 16.9210694304 -33.0235400335
109.036754980 16.9184631086 -33.0235400335
109.035168933 16.9210694304 -33.0235400335
78.1487074440 17.6832025011 -33.0235400335
77.9294932084 17.4399366753 -33.0235400335
78.1487074440 17.6832025011 -33.0235400335
66.3281346319 46.4410567021 -33.0235400335
66.3281346319 46.4410567021 -34.5235400335
78.1487074440 17.6832025011 -34.5235400335
77.9294932084 17.4399366753 -34.5235400335
78.1487074440 17.6832025011 -34.5235400335
109.035168933 16.9210694304 -34.5235400335
109.036754980 16.9184631086 -34.5235400335
109.035168933 16.9210694304 -34.5235400335
150.315997824 39.5583791827 -34.5235400335
150.315997824 39.5583791827 -36.0235400335
109.035168933 16.9210694304 -36.0235400335
109.036754980 16.9184631086 -36.0235400335
109.035168933 16.9210694304 -36.0235400335
78.1487074440 17.6832025011 -36.0235400335
77.9294932084 17.4399366753 -36.0235400335
78.1487074440 17.6832025011 -36.0235400335
66.3281346319 46.4410567021 -36.0235400335
66.3281346319 46.4410567021 -37.5235400335
78.1487074440 17.6832025011 -37.5235400335
77.9294932084 17.4399366753 -37.5235400335
78.1487074440 17.6832025011 -37.5235400335
109.035168933 16.9210694304 -37.5235400335
109.036754980 16.9184631086 -37.5235400335
109.035168933 16.9210694304 -37.5235400335
150.315997824 39.5583791827 -37.5235400335
150.315997824 39.5583791827 -39.0235400335
109.035168933 16.9210694304 -39.0235400335
109.036754980 16.9184631086 -39.0235400335
109.035168933 16.9210694304 -39.0235400335
78.1487074440 17.6832025011 -39.0235400335
77.9294932084 17.4399366753 -39.0235400335
78.1487074440 17.6832025011 -39.0235400335
66.3281346319 46.4410567021 -39.0235400335
66.3281346319 46.4410567021 -40.5235400335
78.1487074440 17.6832025011 -40.5235400335
77.9294932084 17.4399366753 -40.5235400335
78.1487074440 17.6832025011 -40.5235400335
109.035168933 16.9210694304 -40.5235400335
109.036754980 16.9184631086 -40.5235400335
109.035168933 16.9210694304 -40.5235400335
150.315997824 39.5583791827 -40.5235400335
150.315997824 39.5583791827 -42.0235400335
109.035168933 16.9210694304 -42.0235400335
109.036754980 16.9184631086 -42.0235400335
109.035168933 16.9210694304 -42.0235400335
78.1487074440 17.6832025011 -42.0235400335
77.9294932084 17.4399366753 -42.0235400335
78.1487074440 17.6832025011 -42.0235400335
66.3281346319 46.4410567021 -42.0235400335
66.3281346319 46.4410567021 -43.5235400335
78.1487074440 17.6832025011 -43.5235400335
77.9294932084 17.4399366753 -43.5235400335
78.1487074440 17.6832025011 -43.5235400335
109.035168933 16.9210694304 -43.5235400335
109.036754980 16.9184631086 -43.5235400335
109.035168933 16.9210694304 -43.5235400335
150.315997824 39.5583791827 -43.5235400335
150.315997824 39.5583791827 -45.0235400335
109.035168933 16.9210694304 -45.0235400335
109.036754980 16.9184631086 -45.0235400335
109.035168933 16.9210694304 -45.0235400335
78.1487074440 17.6832025011 -45.0235400335
77.9294932084 17.4399366753 -45.0235400335
78.1487074440 17.6832025011 -45.0235400335
66.3281346319 46.4410567021 -45.0235400335
66.3281346319 46.4410567021 -46.5235400335
78.1487074440 17.6832025011 -46.5235400335
77.9294932084 17.4399366753 -46.5235400335
78.1487074440 17.6832025011 -46.5235400335
109.035168933 16.9210694304 -46.5235400335
109.036754980 16.9184631086 -46.5235400335
109.035168933 16.9210694304 -46.5235400335
150.315997824 39.5583791827 -46.5235400335
150.315997824 39.5583791827 -48.0235400335
109.035168933 16.9210694304 -48.0235400335
109.036754980 16.9184631086 -48.0235400335
109.035168933 16.9210694304 -48.0235400335
78.1487074440 17.6832025011 -48.0235400335
77.9294932084 17.4399366753 -48.0235400335
78.1487074440 17.6832025011 -48.0235400335
66.3281346319 46.4410567021 -48.0235400335
66.3281346319 46.4410567021 -49.5235400335
78.1487074440 17.6832025011 -49.5235400335
77.9294932084 17.4399366753 -49.5235400335
78.1487074440 17.6832025011 -49.5235400335
109.035168933 16.9210694304 -49.5235400335
109.036754980 16.9184631086 -49.5235400335
109.035168933 16.9210694304 -49.5235400335
150.315997824 39.5583791827 -49.5235400335
150.315997824 39.5583791827 -51.0235400335
109.035168933 16.9210694304 -51.0235400335
109.036754980 16.9184631086 -51.0235400335
109.035168933 16.9210694304 -51.0235400335
78.1487074440 17.6832025011 -51.0235400335
77.9294932084 17.4399366753 -51.0235400335
78.1487074440 17.6832025011 -51.0235400335
66.3281346319 46.4410567021 -51.0235400335
66.3281346319 46.4410567021 -52.5235400335
78.1487074440 17.6832025011 -52.5235400335
77.9294932084 17.4399366753 -52.5235400335
78.1487074440 17.6832025011 -52.5235400335
109.035168933 16.9210694304 -52.5235400335
109.036754980 16.9184631086 -52.5235400335
109.035168933 16.9210694304 -52.5235400335
150.315997824 39.5583791827 -52.5235400335
150.315997824 39.5583791827 -54.0235400335
109.035168933 16.9210694304 -54.0235400335
109.036754980 16.9184631086 -54.0235400335
109.035168933 16.9210694304 -54.0235400335
78.1487074440 17.6832025011 -54.0235400335
77.9294932084 17.4399366753 -54.0235400335
78.1487074440 17.6832025011 -54.0235400335
66.3281346319 46.4410567021 -54.0235400335
66.3281346319 46.4410567021 -55.5235400335
78.1487074440 17.6832025011 -55.5235400335
77.9294932084 17.4399366753 -55.5235400335
78.1487074440 17.6832025011 -55.5235400335
109.035168933 16.9210694304 -55.5235400335
109.036754980 16.9184631086 -55.5235400335
109.035168933 16.9210694304 -55.5235400335
150.315997824 39.5583791827 -55.5235400335
150.315997824 39.5583791827 -57.0235400335
109.035168933 16.9210694304 -57.0235400335
109.036754980 16.9184631086 -57.0235400335
109.035168933 16.9210694304 -57.0235400335
78.1487074440 17.6832025011 -57.0235400335
77.9294932084 17.4399366753 -57.0235400335
78.1487074440 17.6832025011 -57.0235400335
66.3281346319 46.4410567021 -57.0235400335
66.3281346319 46.4410567021 -58.5235400335
78.1487074440 17.6832025011 -58.5235400335
77.9294932084 17.4399366753 -58.5235400335
78.1487074440 17.6832025011 -58.5235400335
109.035168933 16.9210694304 -58.5235400335
109.036754980 16.9184631086 -58.5235400335
109.035168933 16.9210694304 -58.5235400335
150.315997824 39.5583791827 -58.5235400335
150.315997824 39.5583791827 -60.0235400335
109.035168933 16.9210694304 -60.0235400335
109.036754980 16.9184631086 -60.0235400335
109.035168933 16.9210694304 -60.0235400335
78.1487074440 17.6832025011 -60.0235400335
77.9294932084 17.4399366753 -60.0235400335
78.1487074440 17.6832025011 -60.0235400335
66.3281346319 46.4410567021 -60.0235400335
66.3281346319 46.4410567021 -61.5235400335
78.1487074440 17.6832025011 -61.5235400335
77.9294932084 17.4399366753 -61.5235400335
78.1487074440 17.6832025011 -61.5235400335
109.035168933 16.9210694304 -61.5235400335
109.036754980 16.9184631086 -61.5235400335
109.035168933 16.9210694304 -61.5235400335
150.315997824 39.5583791827 -61.5235400335
150.315997824 39.5583791827 -63.0235400335
109.035168933 16.9210694304 -63.0235400335
109.036754980 16.9184631086 -63.0235400335
109.035168933 16.9210694304 -63.0235400335
78.1487074440 17.6832025011 -63.0235400335
77.9294932084 17.4399366753 -63.0235400335
78.1487074440 17.6832025011 -63.0235400335
66.3281346319 46.4410567021 -63.0235400335
