110.041659758 -68.9047184538 1.01927636938
105.216345957 -66.5891038148 1.01927636938
134.721145135 -48.3528470755 1.01927636938
129.895831334 -46.0372324365 1.01927636938
100.391032155 -64.2734891758 1.01927636938
95.5657183533 -61.9578745368 1.01927636938
125.070517532 -43.7216177975 1.01927636938
120.245203730 -41.4060031585 1.01927636938
90.7404045517 -59.6422598979 1.01927636938
85.9150907501 -57.3266452589 1.01927636938
115.419889929 -39.0903885196 1.01927636938
110.594576127 -36.7747738806 1.01927636938
81.0897769485 -55.0110306199 1.01927636938
81.0897769485 -55.0110306199 -0.48072363062
110.594576127 -36.7747738806 -0.48072363062
115.419889929 -39.0903885196 -0.48072363062
85.9150907501 -57.3266452589 -0.48072363062
90.7404045517 -59.6422598979 -0.48072363062
120.245203730 -41.4060031585 -0.48072363062
125.070517532 -43.7216177975 -0.48072363062
95.5657183533 -61.9578745368 -0.48072363062
100.391032155 -64.2734891758 -0.48072363062
129.895831334 -46.0372324365 -0.48072363062
134.721145135 -48.3528470755 -0.48072363062
105.216345957 -66.5891038148 -0.48072363062
110.041659758 -68.9047184538 -0.48072363062
139.546458937 -50.6684617145 -0.48072363062
139.546458937 -50.6684617145 -1.98072363062
110.041659758 -68.9047184538 -1.98072363062
105.216345957 -66.5891038148 -1.98072363062
134.721145135 -48.3528470755 -1.98072363062
129.895831334 -46.0372324365 -1.98072363062
100.391032155 -64.2734891758 -1.98072363062
95.5657183533 -61.9578745368 -1.98072363062
125.070517532 -43.7216177975 -1.98072363062
120.245203730 -41.4060031585 -1.98072363062
90.7404045517 -59.6422598979 -1.98072363062
85.9150907501 -57.3266452589 -1.98072363062
115.419889929 -39.0903885196 -1.98072363062
110.594576127 -36.7747738806 -1.98072363062
81.0897769485 -55.0110306199 -1.98072363062
81.0897769485 -55.0110306199 -3.48072363062
110.594576127 -36.7747738806 -3.48072363062
115.419889929 -39.0903885196 -3.48072363062
85.9150907501 -57.3266452589 -3.48072363062
90.7404045517 -59.6422598979 -3.48072363062
120.245203730 -41.4060031585 -3.48072363062
125.070517532 -43.7216177975 -3.48072363062
95.5657183533 -61.9578745368 -3.48072363062
100.391032155 -64.2734891758 -3.48072363062
129.895831334 -46.0372324365 -3.48072363062
134.721145135 -48.3528470755 -3.48072363062
105.216345957 -66.5891038148 -3.48072363062
110.041659758 -68.9047184538 -3.48072363062
139.546458937 -50.6684617145 -3.48072363062
139.546458937 -50.6684617145 -4.98072363062
110.041659758 -68.9047184538 -4.98072363062
105.216345957 -66.5891038148 -4.98072363062
134.721145135 -48.3528470755 -4.98072363062
129.895831334 -46.0372324365 -4.98072363062
100.391032155 -64.2734891758 -4.98072363062
95.5657183533 -61.9578745368 -4.98072363062
125.070517532 -43.7216177975 -4.98072363062
120.245203730 -41.4060031585 -4.98072363062
90.7404045517 -59.6422598979 -4.98072363062
85.9150907501 -57.3266452589 -4.98072363062
115.419889929 -39.0903885196 -4.98072363062
110.594576127 -36.7747738806 -4.98072363062
81.0897769485 -55.0110306199 -4.98072363062
81.0897769485 -55.0110306199 -6.48072363062
110.594576127 -36.7747738806 -6.48072363062
115.419889929 -39.0903885196 -6.48072363062
85.9150907501 -57.3266452589 -6.48072363062
90.7404045517 -59.6422598979 -6.48072363062
120.245203730 -41.4060031585 -6.48072363062
125.070517532 -43.7216177975 -6.48072363062
95.5657183533 -61.9578745368 -6.48072363062
100.391032155 -64.2734891758 -6.48072363062
129.895831334 -46.0372324365 -6.48072363062
134.721145135 -48.3528470755 -6.48072363062
105.216345957 -66.5891038148 -6.48072363062
110.041659758 -68.9047184538 -6.48072363062
139.546458937 -50.6684617145 -6.48072363062
139.546458937 -50.6684617145 -7.98072363062
110.041659758 -68.9047184538 -7.98072363062
105.216345957 -66.5891038148 -7.98072363062
134.721145135 -48.3528470755 -7.98072363062
129.895831334 -46.0372324365 -7.98072363062
100.391032155 -64.2734891758 -7.98072363062
95.5657183533 -61.9578745368 -7.98072363062
125.070517532 -43.7216177975 -7.98072363062
120.245203730 -41.4060031585 -7.98072363062
90.7404045517 -59.6422598979 -7.98072363062
85.9150907501 -57.3266452589 -7.98072363062
115.419889929 -39.0903885196 -7.98072363062
110.594576127 -36.7747738806 -7.98072363062
81.0897769485 -55.0110306199 -7.98072363062
81.0897769485 -55.0110306199 -9.48072363062
110.594576127 -36.7747738806 -9.48072363062
115.419889929 -39.0903885196 -9.48072363062
85.9150907501 -57.3266452589 -9.48072363062
90.7404045517 -59.6422598979 -9.48072363062
120.245203730 -41.4060031585 -9.48072363062
125.070517532 -43.7216177975 -9.48072363062
95.5657183533 -61.9578745368 -9.48072363062
100.391032155 -64.2734891758 -9.48072363062
129.895831334 -46.0372324365 -9.48072363062
134.721145135 -48.3528470755 -9.48072363062
105.216345957 -66.5891038148 -9.48072363062
110.041659758 -68.9047184538 -9.48072363062
139.546458937 -50.6684617145 -9.48072363062
139.546458937 -50.6684617145 -10.9807236306
110.041659758 -68.9047184538 -10.9807236306
105.216345957 -66.5891038148 -10.9807236306
134.721145135 -48.3528470755 -10.9807236306
129.895831334 -46.0372324365 -10.9807236306
100.391032155 -64.2734891758 -10.9807236306
95.5657183533 -61.9578745368 -10.9807236306
125.070517532 -43.7216177975 -10.9807236306
120.245203730 -41.4060031585 -10.9807236306
90.7404045517 -59.6422598979 -10.9807236306
85.9150907501 -57.3266452589 -10.9807236306
115.419889929 -39.0903885196 -10.9807236306
110.594576127 -36.7747738806 -10.9807236306
81.0897769485 -55.0110306199 -10.9807236306
81.0897769485 -55.0110306199 -12.4807236306
110.594576127 -36.7747738806 -12.4807236306
115.419889929 -39.0903885196 -12.4807236306
85.9150907501 -57.3266452589 -12.4807236306
90.7404045517 -59.6422598979 -12.4807236306
120.245203730 -41.4060031585 -12.4807236306
125.070517532 -43.7216177975 -12.4807236306
95.5657183533 -61.9578745368 -12.4807236306
100.391032155 -64.2734891758 -12.4807236306
129.895831334 -46.0372324365 -12.4807236306
134.721145135 -48.3528470755 -12.4807236306
105.216345957 -66.5891038148 -12.4807236306
110.041659758 -68.9047184538 -12.4807236306
139.546458937 -50.6684617145 -12.4807236306
139.546458937 -50.6684617145 -13.9807236306
110.041659758 -68.9047184538 -13.9807236306
105.216345957 -66.5891038148 -13.9807236306
134.721145135 -48.3528470755 -13.9807236306
129.895831334 -46.0372324365 -13.9807236306
100.391032155 -64.2734891758 -13.9807236306
95.5657183533 -61.9578745368 -13.9807236306
125.070517532 -43.7216177975 -13.9807236306
120.245203730 -41.4060031585 -13.9807236306
90.7404045517 -59.6422598979 -13.9807236306
85.9150907501 -57.3266452589 -13.9807236306
115.419889929 -39.0903885196 -13.9807236306
110.594576127 -36.7747738806 -13.9807236306
81.0897769485 -55.0110306199 -13.9807236306
81.0897769485 -55.0110306199 -15.4807236306
110.594576127 -36.7747738806 -15.4807236306
115.419889929 -39.0903885196 -15.4807236306
85.9150907501 -57.3266452589 -15.4807236306
90.7404045517 -59.6422598979 -15.4807236306
120.245203730 -41.4060031585 -15.4807236306
125.070517532 -43.7216177975 -15.4807236306
95.5657183533 -61.9578745368 -15.4807236306
100.391032155 -64.2734891758 -15.4807236306
129.895831334 -46.0372324365 -15.4807236306
134.721145135 -48.3528470755 -15.4807236306
105.216345957 -66.5891038148 -15.4807236306
110.041659758 -68.9047184538 -15.4807236306
139.546458937 -50.6684617145 -15.4807236306
139.546458937 -50.6684617145 -16.9807236306
110.041659758 -68.9047184538 -16.9807236306
105.216345957 -66.5891038148 -16.9807236306
134.721145135 -48.3528470755 -16.9807236306
129.895831334 -46.0372324365 -16.9807236306
100.391032155 -64.2734891758 -16.9807236306
95.5657183533 -61.9578745368 -16.9807236306
125.070517532 -43.7216177975 -16.9807236306
120.245203730 -41.4060031585 -16.9807236306
90.7404045517 -59.6422598979 -16.9807236306
85.9150907501 -57.3266452589 -16.9807236306
115.419889929 -39.0903885196 -16.9807236306
110.594576127 -36.7747738806 -16.9807236306
81.0897769485 -55.0110306199 -16.9807236306
81.0897769485 -55.0110306199 -18.4807236306
110.594576127 -36.7747738806 -18.4807236306
115.419889929 -39.0903885196 -18.4807236306
85.9150907501 -57.3266452589 -18.4807236306
90.7404045517 -59.6422598979 -18.4807236306
120.245203730 -41.4060031585 -18.4807236306
125.070517532 -43.7216177975 -18.4807236306
95.5657183533 -61.9578745368 -18.4807236306
100.391032155 -64.2734891758 -18.4807236306
129.895831334 -46.0372324365 -18.4807236306
134.721145135 -48.3528470755 -18.4807236306
105.216345957 -66.5891038148 -18.4807236306
110.041659758 -68.9047184538 -18.4807236306
139.546458937 -50.6684617145 -18.4807236306
139.546458937 -50.6684617145 -19.9807236306
110.041659758 -68.9047184538 -19.9807236306
105.216345957 -66.5891038148 -19.9807236306
134.721145135 -48.3528470755 -19.9807236306
129.895831334 -46.0372324365 -19.9807236306
100.391032155 -64.2734891758 -19.9807236306
95.5657183533 -61.9578745368 -19.9807236306
125.070517532 -43.7216177975 -19.9807236306
120.245203730 -41.4060031585 -19.9807236306
90.7404045517 -59.6422598979 -19.9807236306
85.9150907501 -57.3266452589 -19.9807236306
115.419889929 -39.0903885196 -19.9807236306
110.594576127 -36.7747738806 -19.9807236306
81.0897769485 -55.0110306199 -19.9807236306
81.0897769485 -55.0110306199 -21.4807236306
110.594576127 -36.7747738806 -21.4807236306
115.419889929 -39.0903885196 -21.4807236306
85.9150907501 -57.3266452589 -21.4807236306
90.7404045517 -59.6422598979 -21.4807236306
120.245203730 -41.4060031585 -21.4807236306
125.070517532 -43.7216177975 -21.4807236306
95.5657183533 -61.9578745368 -21.4807236306
100.391032155 -64.2734891758 -21.4807236306
129.895831334 -46.0372324365 -21.4807236306
134.721145135 -48.3528470755 -21.4807236306
105.216345957 -66.5891038148 -21.4807236306
110.041659758 -68.9047184538 -21.4807236306
139.546458937 -50.6684617145 -21.4807236306
139.546458937 -50.6684617145 -22.9807236306
110.041659758 -68.9047184538 -22.9807236306
105.216345957 -66.5891038148 -22.9807236306
134.721145135 -48.3528470755 -22.9807236306
129.895831334 -46.0372324365 -22.9807236306
100.391032155 -64.2734891758 -22.9807236306
95.5657183533 -61.9578745368 -22.9807236306
125.070517532 -43.7216177975 -22.9807236306
120.245203730 -41.4060031585 -22.9807236306
90.7404045517 -59.6422598979 -22.9807236306
85.9150907501 -57.3266452589 -22.9807236306
115.419889929 -39.0903885196 -22.9807236306
110.594576127 -36.7747738806 -22.9807236306
81.0897769485 -55.0110306199 -22.9807236306
81.0897769485 -55.0110306199 -24.4807236306
110.594576127 -36.7747738806 -24.4807236306
115.419889929 -39.0903885196 -24.4807236306
85.9150907501 -57.3266452589 -24.4807236306
90.7404045517 -59.6422598979 -24.4807236306
120.245203730 -41.4060031585 -24.4807236306
125.070517532 -43.7216177975 -24.4807236306
95.5657183533 -61.9578745368 -24.4807236306
100.391032155 -64.2734891758 -24.4807236306
129.895831334 -46.0372324365 -24.4807236306
134.721145135 -48.3528470755 -24.4807236306
105.216345957 -66.5891038148 -24.4807236306
110.041659758 -68.9047184538 -24.4807236306
139.546458937 -50.6684617145 -24.4807236306
139.546458937 -50.6684617145 -25.9807236306
110.041659758 -68.9047184538 -25.9807236306
105.216345957 -66.5891038148 -25.9807236306
134.721145135 -48.3528470755 -25.9807236306
129.895831334 -46.0372324365 -25.9807236306
100.391032155 -64.2734891758 -25.9807236306
95.5657183533 -61.9578745368 -25.9807236306
125.070517532 -43.7216177975 -25.9807236306
120.245203730 -41.4060031585 -25.9807236306
90.7404045517 -59.6422598979 -25.9807236306
85.9150907501 -57.3266452589 -25.9807236306
115.419889929 -39.0903885196 -25.9807236306
110.594576127 -36.7747738806 -25.9807236306
81.0897769485 -55.0110306199 -25.9807236306
81.0897769485 -55.0110306199 -27.4807236306
110.594576127 -36.7747738806 -27.4807236306
115.419889929 -39.0903885196 -27.4807236306
85.9150907501 -57.3266452589 -27.4807236306
90.7404045517 -59.6422598979 -27.4807236306
120.245203730 -41.4060031585 -27.4807236306
125.070517532 -43.7216177975 -27.4807236306
95.5657183533 -61.9578745368 -27.4807236306
100.391032155 -64.2734891758 -27.4807236306
129.895831334 -46.0372324365 -27.4807236306
134.721145135 -48.3528470755 -27.4807236306
105.216345957 -66.5891038148 -27.4807236306
110.041659758 -68.9047184538 -27.4807236306
139.546458937 -50.6684617145 -27.4807236306
139.546458937 -50.6684617145 -28.9807236306
110.041659758 -68.9047184538 -28.9807236306
105.216345957 -66.5891038148 -28.9807236306
134.721145135 -48.3528470755 -28.9807236306
129.895831334 -46.0372324365 -28.9807236306
100.391032155 -64.2734891758 -28.9807236306
95.5657183533 -61.9578745368 -28.9807236306
125.070517532 -43.7216177975 -28.9807236306
120.245203730 -41.4060031585 -28.9807236306
90.7404045517 -59.6422598979 -28.9807236306
85.9150907501 -57.3266452589 -28.9807236306
115.419889929 -39.0903885196 -28.9807236306
110.594576127 -36.7747738806 -28.9807236306
81.0897769485 -55.0110306199 -28.9807236306
81.0897769485 -55.0110306199 -30.4807236306
110.594576127 -36.7747738806 -30.4807236306
115.419889929 -39.0903885196 -30.4807236306
85.9150907501 -57.3266452589 -30.4807236306
90.7404045517 -59.6422598979 -30.4807236306
120.245203730 -41.4060031585 -30.4807236306
125.070517532 -43.7216177975 -30.4807236306
95.5657183533 -61.9578745368 -30.4807236306
100.391032155 -64.2734891758 -30.4807236306
129.895831334 -46.0372324365 -30.4807236306
134.721145135 -48.3528470755 -30.4807236306
105.216345957 -66.5891038148 -30.4807236306
110.041659758 -68.9047184538 -30.4807236306
