78.9202946440 15.1373039448 6.86272107578
84.6556786826 14.9957815548 6.86272107578
63.3109647675 -16.5796116835 6.86272107578
69.0463488060 -16.7211340735 6.86272107578
90.3910627211 14.8542591648 6.86272107578
96.1264467596 14.7127367748 6.86272107578
74.7817328446 -16.8626564635 6.86272107578
80.5171168831 -17.0041788535 6.86272107578
101.861830798 14.5712143848 6.86272107578
107.597214837 14.4296919948 6.86272107578
86.2525009217 -17.1457012435 6.86272107578
86.2525009217 -17.1457012435 5.36272107578
107.597214837 14.4296919948 5.36272107578
101.861830798 14.5712143848 5.36272107578
80.5171168831 -17.0041788535 5.36272107578
74.7817328446 -16.8626564635 5.36272107578
96.1264467596 14.7127367748 5.36272107578
90.3910627211 14.8542591648 5.36272107578
69.0463488060 -16.7211340735 5.36272107578
63.3109647675 -16.5796116835 5.36272107578
84.6556786826 14.9957815548 5.36272107578
78.9202946440 15.1373039448 5.36272107578
57.5755807289 -16.4380892935 5.36272107578
57.5755807289 -16.4380892935 3.86272107578
78.9202946440 15.1373039448 3.86272107578
84.6556786826 14.9957815548 3.86272107578
63.3109647675 -16.5796116835 3.86272107578
69.0463488060 -16.7211340735 3.86272107578
90.3910627211 14.8542591648 3.86272107578
96.1264467596 14.7127367748 3.86272107578
74.7817328446 -16.8626564635 3.86272107578
80.5171168831 -17.0041788535 3.86272107578
101.861830798 14.5712143848 3.86272107578
107.597214837 14.4296919948 3.86272107578
86.2525009217 -17.1457012435 3.86272107578
86.2525009217 -17.1457012435 2.36272107578
107.597214837 14.4296919948 2.36272107578
101.861830798 14.5712143848 2.36272107578
80.5171168831 -17.0041788535 2.36272107578
74.7817328446 -16.8626564635 2.36272107578
96.1264467596 14.7127367748 2.36272107578
90.3910627211 14.8542591648 2.36272107578
69.0463488060 -16.7211340735 2.36272107578
63.3109647675 -16.5796116835 2.36272107578
84.6556786826 14.9957815548 2.36272107578
78.9202946440 15.1373039448 2.36272107578
57.5755807289 -16.4380892935 2.36272107578
57.5755807289 -16.4380892935 0.862721075776
78.9202946440 15.1373039448 0.862721075776
84.6556786826 14.9957815548 0.862721075776
63.3109647675 -16.5796116835 0.862721075776
69.0463488060 -16.7211340735 0.862721075776
90.3910627211 14.8542591648 0.862721075776
96.1264467596 14.7127367748 0.862721075776
74.7817328446 -16.8626564635 0.862721075776
80.5171168831 -17.0041788535 0.862721075776
101.861830798 14.5712143848 0.862721075776
107.597214837 14.4296919948 0.862721075776
86.2525009217 -17.1457012435 0.862721075776
86.2525009217 -17.1457012435 -0.637278924224
107.597214837 14.4296919948 -0.637278924224
101.861830798 14.5712143848 -0.637278924224
80.5171168831 -17.0041788535 -0.637278924224
74.7817328446 -16.8626564635 -0.637278924224
96.1264467596 14.7127367748 -0.637278924224
90.3910627211 14.8542591648 -0.637278924224
69.0463488060 -16.7211340735 -0.637278924224
63.3109647675 -16.5796116835 -0.637278924224
84.6556786826 14.9957815548 -0.637278924224
78.9202946440 15.1373039448 -0.637278924224
57.5755807289 -16.4380892935 -0.637278924224
57.5755807289 -16.4380892935 -2.13727892422
78.9202946440 15.1373039448 -2.13727892422
84.6556786826 14.9957815548 -2.13727892422
63.3109647675 -16.5796116835 -2.13727892422
69.0463488060 -16.7211340735 -2.13727892422
90.3910627211 14.8542591648 -2.13727892422
96.1264467596 14.7127367748 -2.13727892422
74.7817328446 -16.8626564635 -2.13727892422
80.5171168831 -17.0041788535 -2.13727892422
101.861830798 14.5712143848 -2.13727892422
107.597214837 14.4296919948 -2.13727892422
86.2525009217 -17.1457012435 -2.13727892422
86.2525009217 -17.1457012435 -3.63727892422
107.597214837 14.4296919948 -3.63727892422
101.861830798 14.5712143848 -3.63727892422
80.5171168831 -17.0041788535 -3.63727892422
74.7817328446 -16.8626564635 -3.63727892422
96.1264467596 14.7127367748 -3.63727892422
90.3910627211 14.8542591648 -3.63727892422
69.0463488060 -16.7211340735 -3.63727892422
63.3109647675 -16.5796116835 -3.63727892422
84.6556786826 14.9957815548 -3.63727892422
78.9202946440 15.1373039448 -3.63727892422
57.5755807289 -16.4380892935 -3.63727892422
57.5755807289 -16.4380892935 -5.13727892422
78.9202946440 15.1373039448 -5.13727892422
84.6556786826 14.9957815548 -5.13727892422
63.3109647675 -16.5796116835 -5.13727892422
69.0463488060 -16.7211340735 -5.13727892422
90.3910627211 14.8542591648 -5.13727892422
96.1264467596 14.7127367748 -5.13727892422
74.7817328446 -16.8626564635 -5.13727892422
80.5171168831 -17.0041788535 -5.13727892422
101.861830798 14.5712143848 -5.13727892422
107.597214837 14.4296919948 -5.13727892422
86.2525009217 -17.1457012435 -5.13727892422
86.2525009217 -17.1457012435 -6.63727892422
107.597214837 14.4296919948 -6.63727892422
101.861830798 14.5712143848 -6.63727892422
80.5171168831 -17.0041788535 -6.63727892422
74.7817328446 -16.8626564635 -6.63727892422
96.1264467596 14.7127367748 -6.63727892422
90.3910627211 14.8542591648 -6.63727892422
69.0463488060 -16.7211340735 -6.63727892422
63.3109647675 -16.5796116835 -6.63727892422
84.6556786826 14.9957815548 -6.63727892422
78.9202946440 15.1373039448 -6.63727892422
57.5755807289 -16.4380892935 -6.63727892422
57.5755807289 -16.4380892935 -8.13727892422
78.9202946440 15.1373039448 -8.13727892422
84.6556786826 14.9957815548 -8.13727892422
63.3109647675 -16.5796116835 -8.13727892422
69.0463488060 -16.7211340735 -8.13727892422
90.3910627211 14.8542591648 -8.13727892422
96.1264467596 14.7127367748 -8.13727892422
74.7817328446 -16.8626564635 -8.13727892422
80.5171168831 -17.0041788535 -8.13727892422
101.861830798 14.5712143848 -8.13727892422
107.597214837 14.4296919948 -8.13727892422
86.2525009217 -17.1457012435 -8.13727892422
86.2525009217 -17.1457012435 -9.63727892422
107.597214837 14.4296919948 -9.63727892422
101.861830798 14.5712143848 -9.63727892422
80.5171168831 -17.0041788535 -9.63727892422
74.7817328446 -16.8626564635 -9.63727892422
96.1264467596 14.7127367748 -9.63727892422
90.3910627211 14.8542591648 -9.63727892422
69.0463488060 -16.7211340735 -9.63727892422
63.3109647675 -16.5796116835 -9.63727892422
84.6556786826 14.9957815548 -9.63727892422
78.9202946440 15.1373039448 -9.63727892422
57.5755807289 -16.4380892935 -9.63727892422
57.5755807289 -16.4380892935 -11.1372789242
78.9202946440 15.1373039448 -11.1372789242
84.6556786826 14.9957815548 -11.1372789242
63.3109647675 -16.5796116835 -11.1372789242
69.0463488060 -16.7211340735 -11.1372789242
90.3910627211 14.8542591648 -11.1372789242
96.1264467596 14.7127367748 -11.1372789242
74.7817328446 -16.8626564635 -11.1372789242
80.5171168831 -17.0041788535 -11.1372789242
101.861830798 14.5712143848 -11.1372789242
107.597214837 14.4296919948 -11.1372789242
86.2525009217 -17.1457012435 -11.1372789242
86.2525009217 -17.1457012435 -12.6372789242
107.597214837 14.4296919948 -12.6372789242
101.861830798 14.5712143848 -12.6372789242
80.5171168831 -17.0041788535 -12.6372789242
74.7817328446 -16.8626564635 -12.6372789242
96.1264467596 14.7127367748 -12.6372789242
90.3910627211 14.8542591648 -12.6372789242
69.0463488060 -16.7211340735 -12.6372789242
63.3109647675 -16.5796116835 -12.6372789242
84.6556786826 14.9957815548 -12.6372789242
78.9202946440 15.1373039448 -12.6372789242
57.5755807289 -16.4380892935 -12.6372789242
57.5755807289 -16.4380892935 -14.1372789242
78.9202946440 15.1373039448 -14.1372789242
84.6556786826 14.9957815548 -14.1372789242
63.3109647675 -16.5796116835 -14.1372789242
69.0463488060 -16.7211340735 -14.1372789242
90.3910627211 14.8542591648 -14.1372789242
96.1264467596 14.7127367748 -14.1372789242
74.7817328446 -16.8626564635 -14.1372789242
80.5171168831 -17.0041788535 -14.1372789242
101.861830798 14.5712143848 -14.1372789242
107.597214837 14.4296919948 -14.1372789242
86.2525009217 -17.1457012435 -14.1372789242
86.2525009217 -17.1457012435 -15.6372789242
107.597214837 14.4296919948 -15.6372789242
101.861830798 14.5712143848 -15.6372789242
80.5171168831 -17.0041788535 -15.6372789242
74.7817328446 -16.8626564635 -15.6372789242
96.1264467596 14.7127367748 -15.6372789242
90.3910627211 14.8542591648 -15.6372789242
69.0463488060 -16.7211340735 -15.6372789242
63.3109647675 -16.5796116835 -15.6372789242
84.6556786826 14.9957815548 -15.6372789242
78.9202946440 15.1373039448 -15.6372789242
57.5755807289 -16.4380892935 -15.6372789242
57.5755807289 -16.4380892935 -17.1372789242
78.9202946440 15.1373039448 -17.1372789242
84.6556786826 14.9957815548 -17.1372789242
63.3109647675 -16.5796116835 -17.1372789242
69.0463488060 -16.7211340735 -17.1372789242
90.3910627211 14.8542591648 -17.1372789242
96.1264467596 14.7127367748 -17.1372789242
74.7817328446 -16.8626564635 -17.1372789242
80.5171168831 -17.0041788535 -17.1372789242
101.861830798 14.5712143848 -17.1372789242
107.597214837 14.4296919948 -17.1372789242
86.2525009217 -17.1457012435 -17.1372789242
86.2525009217 -17.1457012435 -18.6372789242
107.597214837 14.4296919948 -18.6372789242
101.861830798 14.5712143848 -18.6372789242
80.5171168831 -17.0041788535 -18.6372789242
74.7817328446 -16.8626564635 -18.6372789242
96.1264467596 14.7127367748 -18.6372789242
90.3910627211 14.8542591648 -18.6372789242
69.0463488060 -16.7211340735 -18.6372789242
63.3109647675 -16.5796116835 -18.6372789242
84.6556786826 14.9957815548 -18.6372789242
78.9202946440 15.1373039448 -18.6372789242
57.5755807289 -16.4380892935 -18.6372789242
57.5755807289 -16.4380892935 -20.1372789242
78.9202946440 15.1373039448 -20.1372789242
84.6556786826 14.9957815548 -20.1372789242
63.3109647675 -16.5796116835 -20.1372789242
69.0463488060 -16.7211340735 -20.1372789242
90.3910627211 14.8542591648 -20.1372789242
96.1264467596 14.7127367748 -20.1372789242
74.7817328446 -16.8626564635 -20.1372789242
80.5171168831 -17.0041788535 -20.1372789242
101.861830798 14.5712143848 -20.1372789242
107.597214837 14.4296919948 -20.1372789242
86.2525009217 -17.1457012435 -20.1372789242
86.2525009217 -17.1457012435 -21.6372789242
107.597214837 14.4296919948 -21.6372789242
101.861830798 14.5712143848 -21.6372789242
80.5171168831 -17.0041788535 -21.6372789242
74.7817328446 -16.8626564635 -21.6372789242
96.1264467596 14.7127367748 -21.6372789242
90.3910627211 14.8542591648 -21.6372789242
69.0463488060 -16.7211340735 -21.6372789242
63.3109647675 -16.5796116835 -21.6372789242
84.6556786826 14.9957815548 -21.6372789242
78.9202946440 15.1373039448 -21.6372789242
57.5755807289 -16.4380892935 -21.6372789242
57.5755807289 -16.4380892935 -23.1372789242
78.9202946440 15.1373039448 -23.1372789242
84.6556786826 14.9957815548 -23.1372789242
63.3109647675 -16.5796116835 -23.1372789242
69.0463488060 -16.7211340735 -23.1372789242
90.3910627211 14.8542591648 -23.1372789242
96.1264467596 14.7127367748 -23.1372789242
74.7817328446 -16.8626564635 -23.1372789242
80.5171168831 -17.0041788535 -23.1372789242
101.861830798 14.5712143848 -23.1372789242
107.597214837 14.4296919948 -23.1372789242
86.2525009217 -17.1457012435 -23.1372789242
86.2525009217 -17.1457012435 -24.6372789242
107.597214837 14.4296919948 -24.6372789242
101.861830798 14.5712143848 -24.6372789242
80.5171168831 -17.0041788535 -24.6372789242
74.7817328446 -16.8626564635 -24.6372789242
96.1264467596 14.7127367748 -24.6372789242
90.3910627211 14.8542591648 -24.6372789242
69.0463488060 -16.7211340735 -24.6372789242
63.3109647675 -16.5796116835 -24.6372789242
84.6556786826 14.9957815548 -24.6372789242
78.9202946440 15.1373039448 -24.6372789242
57.5755807289 -16.4380892935 -24.6372789242
57.5755807289 -16.4380892935 -26.1372789242
78.9202946440 15.1373039448 -26.1372789242
84.6556786826 14.9957815548 -26.1372789242
63.3109647675 -16.5796116835 -26.1372789242
69.0463488060 -16.7211340735 -26.1372789242
90.3910627211 14.8542591648 -26.1372789242
96.1264467596 14.7127367748 -26.1372789242
74.7817328446 -16.8626564635 -26.1372789242
80.5171168831 -17.0041788535 -26.1372789242
101.861830798 14.5712143848 -26.1372789242
107.597214837 14.4296919948 -26.1372789242
86.2525009217 -17.1457012435 -26.1372789242
86.2525009217 -17.1457012435 -27.6372789242
107.597214837 14.4296919948 -27.6372789242
101.861830798 14.5712143848 -27.6372789242
80.5171168831 -17.0041788535 -27.6372789242
74.7817328446 -16.8626564635 -27.6372789242
96.1264467596 14.7127367748 -27.6372789242
90.3910627211 14.8542591648 -27.6372789242
69.0463488060 -16.7211340735 -27.6372789242
63.3109647675 -16.5796116835 -27.6372789242
84.6556786826 14.9957815548 -27.6372789242
78.9202946440 15.1373039448 -27.6372789242
57.5755807289 -16.4380892935 -27.6372789242
57.5755807289 -16.4380892935 -29.1372789242
78.9202946440 15.1373039448 -29.1372789242
84.6556786826 14.9957815548 -29.1372789242
63.3109647675 -16.5796116835 -29.1372789242
69.0463488060 -16.7211340735 -29.1372789242
90.3910627211 14.8542591648 -29.1372789242
96.1264467596 14.7127367748 -29.1372789242
74.7817328446 -16.8626564635 -29.1372789242
80.5171168831 -17.0041788535 -29.1372789242
101.861830798 14.5712143848 -29.1372789242
107.597214837 14.4296919948 -29.1372789242
86.2525009217 -17.1457012435 -29.1372789242
86.2525009217 -17.1457012435 -30.6372789242
107.597214837 14.4296919948 -30.6372789242
101.861830798 14.5712143848 -30.6372789242
80.5171168831 -17.0041788535 -30.6372789242
74.7817328446 -16.8626564635 -30.6372789242
96.1264467596 14.7127367748 -30.6372789242
90.3910627211 14.8542591648 -30.6372789242
69.0463488060 -16.7211340735 -30.6372789242
63.3109647675 -16.5796116835 -30.6372789242
84.6556786826 14.9957815548 -30.6372789242
78.9202946440 15.1373039448 -30.6372789242
57.5755807289 -16.4380892935 -30.6372789242
57.5755807289 -16.4380892935 -32.1372789242
78.9202946440 15.1373039448 -32.1372789242
84.6556786826 14.9957815548 -32.1372789242
63.3109647675 -16.5796116835 -32.1372789242
69.0463488060 -16.7211340735 -32.1372789242
90.3910627211 14.8542591648 -32.1372789242
96.1264467596 14.7127367748 -32.1372789242
74.7817328446 -16.8626564635 -32.1372789242
80.5171168831 -17.0041788535 -32.1372789242
101.861830798 14.5712143848 -32.1372789242
107.597214837 14.4296919948 -32.1372789242
86.2525009217 -17.1457012435 -32.1372789242
86.2525009217 -17.1457012435 -33.6372789242
107.597214837 14.4296919948 -33.6372789242
101.861830798 14.5712143848 -33.6372789242
80.5171168831 -17.0041788535 -33.6372789242
74.7817328446 -16.8626564635 -33.6372789242
96.1264467596 14.7127367748 -33.6372789242
90.3910627211 14.8542591648 -33.6372789242
69.0463488060 -16.7211340735 -33.6372789242
63.3109647675 -16.5796116835 -33.6372789242
84.6556786826 14.9957815548 -33.6372789242
78.9202946440 15.1373039448 -33.6372789242
57.5755807289 -16.4380892935 -33.6372789242
57.5755807289 -16.4380892935 -35.1372789242
78.9202946440 15.1373039448 -35.1372789242
84.6556786826 14.9957815548 -35.1372789242
63.3109647675 -16.5796116835 -35.1372789242
69.0463488060 -16.7211340735 -35.1372789242
90.3910627211 14.8542591648 -35.1372789242
96.1264467596 14.7127367748 -35.1372789242
74.7817328446 -16.8626564635 -35.1372789242
80.5171168831 -17.0041788535 -35.1372789242
101.861830798 14.5712143848 -35.1372789242
107.597214837 14.4296919948 -35.1372789242
86.2525009217 -17.1457012435 -35.1372789242
86.2525009217 -17.1457012435 -36.6372789242
107.597214837 14.4296919948 -36.6372789242
101.861830798 14.5712143848 -36.6372789242
80.5171168831 -17.0041788535 -36.6372789242
74.7817328446 -16.8626564635 -36.6372789242
96.1264467596 14.7127367748 -36.6372789242
90.3910627211 14.8542591648 -36.6372789242
69.0463488060 -16.7211340735 -36.6372789242
63.3109647675 -16.5796116835 -36.6372789242
84.6556786826 14.9957815548 -36.6372789242
78.9202946440 15.1373039448 -36.6372789242
57.5755807289 -16.4380892935 -36.6372789242
57.5755807289 -16.4380892935 -38.1372789242
78.9202946440 15.1373039448 -38.1372789242
84.6556786826 14.9957815548 -38.1372789242
63.3109647675 -16.5796116835 -38.1372789242
69.0463488060 -16.7211340735 -38.1372789242
90.3910627211 14.8542591648 -38.1372789242
96.1264467596 14.7127367748 -38.1372789242
74.7817328446 -16.8626564635 -38.1372789242
80.5171168831 -17.0041788535 -38.1372789242
101.861830798 14.5712143848 -38.1372789242
107.597214837 14.4296919948 -38.1372789242
86.2525009217 -17.1457012435 -38.1372789242
86.2525009217 -17.1457012435 -39.6372789242
107.597214837 14.4296919948 -39.6372789242
101.861830798 14.5712143848 -39.6372789242
80.5171168831 -17.0041788535 -39.6372789242
74.7817328446 -16.8626564635 -39.6372789242
96.1264467596 14.7127367748 -39.6372789242
90.3910627211 14.8542591648 -39.6372789242
69.0463488060 -16.7211340735 -39.6372789242
63.3109647675 -16.5796116835 -39.6372789242
84.6556786826 14.9957815548 -39.6372789242
78.9202946440 15.1373039448 -39.6372789242
57.5755807289 -16.4380892935 -39.6372789242
57.5755807289 -16.4380892935 -41.1372789242
78.9202946440 15.1373039448 -41.1372789242
84.6556786826 14.9957815548 -41.1372789242
63.3109647675 -16.5796116835 -41.1372789242
69.0463488060 -16.7211340735 -41.1372789242
90.3910627211 14.8542591648 -41.1372789242
96.1264467596 14.7127367748 -41.1372789242
74.7817328446 -16.8626564635 -41.1372789242
80.5171168831 -17.0041788535 -41.1372789242
101.861830798 14.5712143848 -41.1372789242
107.597214837 14.4296919948 -41.1372789242
86.2525009217 -17.1457012435 -41.1372789242
86.2525009217 -17.1457012435 -42.6372789242
107.597214837 14.4296919948 -42.6372789242
101.861830798 14.5712143848 -42.6372789242
80.5171168831 -17.0041788535 -42.6372789242
74.7817328446 -16.8626564635 -42.6372789242
96.1264467596 14.7127367748 -42.6372789242
90.3910627211 14.8542591648 -42.6372789242
69.0463488060 -16.7211340735 -42.6372789242
63.3109647675 -16.5796116835 -42.6372789242
84.6556786826 14.9957815548 -42.6372789242
78.9202946440 15.1373039448 -42.6372789242
